id	title
A01B	TRAVAIL DE LA TERRE EN AGRICULTURE OU EN SYLVICULTURE; PARTIES CONSTITUTIVES OU ACCESSOIRES DES MACHINES OU INSTRUMENTS AGRICOLES, EN GÉNÉRAL (ouverture ou recouvrement de sillons ou de trous pour ensemencement, plantation ou fumage;machines pour la récolte des racines ou tubercules;faucheuses convertibles en appareils de travail de la terre ou capables de travailler la terre;faucheuses combinées avec des instruments de travail de la terre;travail de la terre pour travaux publics ou exploitations minières)
A01C	PLANTATION; ENSEMENCEMENT; FERTILISATION (parties constitutives ou accessoires des machines ou des instruments agricoles, en général-)
A01D	RÉCOLTE; FAUCHAGE
A01F	BATTAGE (moissonneuses-batteuses); MISE EN BALLES DE LA PAILLE, DU FOIN OU DE PRODUITS SIMILAIRES; APPAREILS FIXES OU OUTILS À MAIN POUR BOTTELER OU LIER LA PAILLE, LE FOIN OU LES PRODUITS SIMILAIRES; COUPE DE LA PAILLE, DU FOIN OU DE PRODUITS SIMILAIRES; EMMAGASINAGE DES PRODUITS AGRICOLES OU HORTICOLES (dispositions pour mettre la récolte en meules)
A01G	HORTICULTURE; CULTURE DES LÉGUMES, DES FLEURS, DU RIZ, DES FRUITS, DE LA VIGNE, DU HOUBLON OU DES ALGUES; SYLVICULTURE; IRRIGATION (cueillette des fruits, des légumes, du houblon ou similaires;propagation d'algues unicellulaires)
A01H	NOUVEAUTÉS VÉGÉTALES OU PROCÉDÉS POUR LEUR OBTENTION; REPRODUCTION DE PLANTES PAR DES TECHNIQUES DE CULTURE DE TISSUS
A01J	FABRICATION DES PRODUITS LAITIERS (pour les aspects chimiques, voir la sous-classe)
A01K	ÉLEVAGE; AVICULTURE; APICULTURE; PISCICULTURE; PÊCHE; OBTENTION D'ANIMAUX, NON PRÉVUE AILLEURS; NOUVELLES RACES D'ANIMAUX
A01L	MARÉCHALERIE
A01M	CAPTURE OU PIÉGEAGE DES ANIMAUX OU ÉPOUVANTAILS (dispositifs pour capturer les essaims ou les faux-bourdons;pêche-;biocides, produits repoussant ou attirant les animaux nuisibles); APPAREILS DE DESTRUCTION D'ANIMAUX OU DE PLANTES NUISIBLES
A01N	CONSERVATION DE CORPS HUMAINS OU ANIMAUX OU DE VÉGÉTAUX, OU DE PARTIES DE CEUX-CI (conservation des aliments ou des produits alimentaires); BIOCIDES, p.ex. EN TANT QUE DÉSINFECTANTS, PESTICIDES OU HERBICIDES (préparations destinées à un usage médical, dentaire ou pour la toilette, qui tuent les organismes indésirables ou empêchent leur croissance ou leur prolifération); PRODUITS REPOUSSANT OU ATTIRANT LES ANIMAUX NUISIBLES; RÉGULATEURS DE CROISSANCE DES VÉGÉTAUX
A01P	ACTIVITÉ BIOCIDE, ACTIVITÉ DE RÉPULSION OU D'ATTRACTION DES ANIMAUX NUISIBLES, OU ACTIVITÉ DE RÉGULATION DE CROISSANCE DES VÉGÉTAUX, DE COMPOSÉS OU DE PRÉPARATIONS CHIMIQUES
A21B	FOURS DE BOULANGERIE; MACHINES OU MATÉRIEL DE CUISSON AU FOUR (matériel de cuisson à usage domestique;appareils à combustion;fourneaux ou cuisinières domestiques étant totalement ou partiellement des fours)
A21C	MACHINES OU MATÉRIEL POUR LA PRÉPARATION OU LE TRAITEMENT DE LA PÂTE; MANUTENTION DES PRODUITS CUITS EN PÂTE
A21D	TRAITEMENT, p.ex. CONSERVATION, DE LA FARINE OU DE LA PÂTE À CUIRE, p.ex. PAR ADDITION D'INGRÉDIENTS; CUISSON; PRODUITS DE BOULANGERIE; LEUR CONSERVATION
A22B	ABATTAGE
A22C	TRAITEMENT DE LA VIANDE, DE LA VOLAILLE OU DU POISSON (conserves;production de compositions à base de protéines pour l'alimentation;produits alimentaires à base de poisson, viande ou volaille;broyage, p.ex. hachage de la viande,;préparation de protéines)
A23B	CONSERVATION, p.ex. PAR MISE EN BOÎTE, DE LA VIANDE, DU POISSON, DES ŒUFS, DES FRUITS, DES LÉGUMES, DES GRAINES COMESTIBLES; MÛRISSEMENT CHIMIQUE DES FRUITS OU DES LÉGUMES; PRODUITS CONSERVÉS, MÛRIS OU MIS EN BOÎTE
A23C	PRODUITS LAITIERS, p.ex. LAIT, BEURRE OU FROMAGE; SUCCÉDANÉS DU LAIT OU DU FROMAGE; LEUR FABRICATION (production de compositions à base de protéines pour l'alimentation)
A23D	HUILES OU GRAISSES COMESTIBLES, p.ex. MARGARINES, HUILES POUR CUISSON (production, raffinage, conservation;hydrogénation)
A23F	CAFÉ; THÉ; SUCCÉDANÉS DU CAFÉ OU DU THÉ; LEUR FABRICATION, PRÉPARATION OU INFUSION
A23G	CACAO; PRODUITS À BASE DE CACAO, p.ex. CHOCOLAT; SUCCÉDANÉS DE CACAO OU DE PRODUITS À BASE DE CACAO; CONFISERIE; CHEWING-GUM; GLACES; LEUR FABRICATION
A23J	COMPOSITIONS À BASE DE PROTÉINES POUR L'ALIMENTATION; TRAITEMENT DES PROTÉINES POUR L'ALIMENTATION; COMPOSITIONS À BASE DE PHOSPHATIDES POUR L'ALIMENTATION
A23K	PRODUITS ALIMENTAIRES SPÉCIALEMENT ADAPTÉS AUX ANIMAUX; PROCÉDÉS SPÉCIALEMENT ADAPTÉS À LEUR FABRICATION
A23L	ALIMENTS, PRODUITS ALIMENTAIRES OU BOISSONS NON ALCOOLISÉES NON COUVERTS PAR LES SOUS-CLASSESOU-; LEUR PRÉPARATION OU TRAITEMENT, p.ex. CUISSON, MODIFICATION DES QUALITÉS NUTRITIVES, TRAITEMENT PHYSIQUE (mise en forme ou traitement non entièrement couvert par la présente sous-classe); CONSERVATION DES ALIMENTS OU PRODUITS ALIMENTAIRES EN GÉNÉRAL
A23N	MACHINES OU APPAREILS POUR TRAITER LES RÉCOLTES DE FRUITS, DE LÉGUMES OU DE BULBES À FLEURS EN GRANDES QUANTITÉS, NON PRÉVUS AILLEURS; ÉPLUCHAGE DE LÉGUMES OU PELAGE DE FRUITS EN GRANDES QUANTITÉS; APPAREILS POUR LA PRÉPARATION DE LA NOURRITURE POUR ANIMAUX (machines pour hacher la paille ou le fourrage;désagrégation, p.ex. broyage,;séparation, p.ex. coupe, fendage, découpage,)
A23P	MISE EN FORME OU TRAITEMENT DES PRODUITS ALIMENTAIRES NON COUVERTS INTÉGRALEMENT PAR UNE SEULE AUTRE SOUS-CLASSE
A24B	FABRICATION OU PRÉPARATION DU TABAC À FUMER OU À CHIQUER; TABAC; TABAC À PRISER
A24C	MACHINES POUR LA FABRICATION DES CIGARES OU CIGARETTES
A24D	CIGARES; CIGARETTES; FILTRES À FUMÉE DE TABAC; BOUTS DE CIGARES OU DE CIGARETTES; FABRICATION DES FILTRES À FUMÉE DE TABAC OU DES BOUTS
A24F	ARTICLES POUR FUMEURS; BOÎTES D’ALLUMETTES; DISPOSITIFS PERMETTANT DE FUMER ARTIFICIELLEMENT (appareils à inhalation pour besoins thérapeutiques, en forme de cigare, de cigarette ou de pipe)
A41B	CHEMISES; SOUS-VÊTEMENTS; LAYETTE; MOUCHOIRS
A41C	CORSETS; SOUTIENS-GORGE
A41D	VÊTEMENTS DE DESSUS; VÊTEMENTS DE PROTECTION; ACCESSOIRES
A41F	DISPOSITIFS D'ATTACHE POUR VÊTEMENTS; ARTICLES DE SUSPENSION
A41G	FLEURS ARTIFICIELLES; POSTICHES; MASQUES; PLUMES
A41H	OUTILS OU MÉTHODES, NON PRÉVUS AILLEURS, POUR LA CONFECTION DES VÊTEMENTS, p.ex. POUR LA CONFECTION SUR MESURE, LE PRÊT-À-PORTER (machines, outils ou méthodes pour la confection d'articles d'habillement particuliers, voir les groupes correspondant à ces articles dans-;outils ou machines pour couper en général;tissage, tressage, tapisserie, broderie, fabrication de dentelle ou de pompons, traitement des textiles-;machines à coudre, appareils de couture, appareils à défaire les coutures;coupe ou séparation des matériaux textiles)
A42B	CHAPEAUX; COUVRE-CHEFS (bandeaux en forme de serre-tête;foulards)
A42C	FABRICATION OU GARNITURE DES COUVRE-CHEFS, p.ex. DES CHAPEAUX
A43B	ÉLÉMENTS CARACTÉRISTIQUES DES CHAUSSURES; PARTIES CONSTITUTIVES DES CHAUSSURES
A43C	ATTACHES OU ACCESSOIRES POUR CHAUSSURES; LACETS EN GÉNÉRAL
A43D	MACHINES, OUTILLAGE, ÉQUIPEMENT OU PROCÉDÉS POUR FABRIQUER OU RÉPARER LES CHAUSSURES (machines à coudre)
A44B	BOUTONS, ÉPINGLES, BOUCLES, FERMETURES À CURSEUR OU À GLISSIÈRE OU SIMILAIRES (fermetures spécialement adaptées aux chaussures)
A44C	PARURES PERSONNELLES, p.ex. BIJOUTERIE; PIÈCES DE MONNAIE
A45B	CANNES (aides pour la marche, p.ex. cannes, pour aveugles); PARAPLUIES OU OMBRELLES; ÉVENTAILS OU OBJETS SIMILAIRES POUR DAMES (porte-cannes, porte-parapluies ou supports pour cannes ou parapluies)
A45C	PORTE-MONNAIE; BAGAGES; SACS PORTÉS À LA MAIN
A45D	ARTICLES POUR LA COIFFURE OU LE RASAGE (perruques, faux-toupets ou articles similaires;fauteuils de coiffeur;outils pour couper les cheveux, rasoirs); ARTICLES COSMÉTIQUES OU POUR LES TRAITEMENTS COSMÉTIQUES, p.ex. POUR LA MANUCURE OU LA PÉDICURIE
A45F	MATÉRIEL DE VOYAGE OU DE CAMPING; SACS OU PAQUETAGES PORTÉS SUR LE CORPS
A46B	BROSSES OU PINCEAUX (manches ne faisant pas corps avec la brosse)
A46D	FABRICATION DES BROSSES OU PINCEAUX
A47B	TABLES; BUREAUX; MOBILIER DE BUREAU; MEUBLES À TIROIRS; TIROIRS; PARTIES CONSTITUTIVES GÉNÉRALES DES MEUBLES (montage des meubles)
A47C	CHAISES (sièges spécialement conçus pour les véhicules); CANAPÉS; LITS (capitonnage en général)
A47D	AMEUBLEMENT SPÉCIALEMENT CONÇU POUR ENFANTS (bancs ou pupitres d'écoliers)
A47F	AMEUBLEMENT, AGENCEMENTS OU ACCESSOIRES SPÉCIAUX POUR MAGASINS, ENTREPÔTS, BARS, RESTAURANTS OU LIEUX SIMILAIRES; GUICHETS
A47G	USTENSILES DE MÉNAGE OU DE TABLE (serre-livres;couteaux)
A47H	GARNITURES POUR FENÊTRES OU PORTES (se rapportant au fonctionnement de la porte ou de la fenêtre;stores à rouleaux;aménagements particuliers ou dispositions en rapport avec les portes ou fenêtres, p.ex. pour la ventilation ou l'étanchéité, )
A47J	MATÉRIEL DE CUISINE; MOULINS À CAFÉ; MOULINS À ÉPICES; APPAREILS À PRÉPARER LES BOISSONS
A47K	APPAREILS SANITAIRES NON PRÉVUS AILLEURS (liaison à l'alimentation en eau ou à la canalisation d'égout, éviers;water-closets); ACCESSOIRES DE TOILETTE (équipements pour cosmétiques)
A47L	LAVAGE OU NETTOYAGE DOMESTIQUE (brosses;nettoyage de grandes quantités de bouteilles ou d'autres objets creux d'une seule espèce;blanchissage); ASPIRATEURS EN GÉNÉRAL (nettoyage en général)
A61B	DIAGNOSTIC; CHIRURGIE; IDENTIFICATION (analyse de matériau biologique p.ex.)
A61C	TECHNIQUE DENTAIRE; DISPOSITIFS OU MÉTHODES POUR L'HYGIÈNE BUCCALE OU DENTAIRE (brosses à dents non entraînées ;préparations pour la technique dentaire;préparations pour le nettoyage des dents)
A61D	INSTRUMENTS, APPAREILS, OUTILLAGE OU MÉTHODES DE MÉDECINE VÉTÉRINAIRE
A61F	FILTRES IMPLANTABLES DANS LES VAISSEAUX SANGUINS; PROTHÈSES; DISPOSITIFS MAINTENANT LE PASSAGE OU ÉVITANT L'AFFAISSEMENT DE STRUCTURES CORPORELLES TUBULAIRES, p.ex. STENTS; DISPOSITIFS D'ORTHOPÉDIE, DE SOINS OU DE CONTRACEPTION; FOMENTATION; TRAITEMENT OU PROTECTION DES YEUX OU DES OREILLES; BANDAGES, PANSEMENTS OU GARNITURES ABSORBANTES; NÉCESSAIRES DE PREMIERS SECOURS (prothèses dentaires)
A61G	MOYENS DE TRANSPORT, MOYENS DE TRANSPORT PERSONNELS OU AMÉNAGEMENTS, SPÉCIALEMENT ADAPTÉS POUR LES PERSONNES HANDICAPÉES OU LES MALADES (appareils pour aider les personnes handicapées à marcher); TABLES OU CHAISES D'OPÉRATION; FAUTEUILS POUR SOINS DENTAIRES; DISPOSITIFS D'INHUMATION (embaumement des cadavres)
A61H	APPAREILS DE PHYSIOTHÉRAPIE, p.ex. DISPOSITIFS POUR LOCALISER OU STIMULER LES ENDROITS DE RÉFLECTIVITÉ DU CORPS; RESPIRATION ARTIFICIELLE; MASSAGE; BAINS POUR USAGES THÉRAPEUTIQUES OU HYGIÉNIQUES PARTICULIERS OU POUR PARTIES DÉTERMINÉES DU CORPS (électrothérapie, magnétothérapie, thérapie par radiations, thérapie par ultrasons)
A61J	RÉCIPIENTS SPÉCIALEMENT ADAPTÉS À DES FINS MÉDICALES OU PHARMACEUTIQUES; DISPOSITIFS OU PROCÉDÉS SPÉCIALEMENT CONÇUS POUR DONNER À DES PRODUITS PHARMACEUTIQUES UNE FORME PHYSIQUE DÉTERMINÉE OU UNE FORME PROPRE À LEUR ADMINISTRATION; DISPOSITIFS POUR ADMINISTRER LA NOURRITURE OU LES MÉDICAMENTS PAR VOIE BUCCALE; AMUSETTES BUCCALES POUR BÉBÉS; CRACHOIRS
A61K	PRÉPARATIONS À USAGE MÉDICAL, DENTAIRE OU POUR LA TOILETTE (dispositifs ou procédés spécialement conçus pour donner à des produits pharmaceutiques une forme physique déterminée ou une forme propre à leur administration;aspects chimiques de, ou utilisation de substances chimiques pour, la désodorisation de l'air, la désinfection ou la stérilisation, les bandages, les pansements, les garnitures absorbantes ou les articles chirurgicaux;compositions à base de savon)
A61L	PROCÉDÉS OU APPAREILS POUR STÉRILISER DES MATÉRIAUX OU DES OBJETS EN GÉNÉRAL; DÉSINFECTION, STÉRILISATION OU DÉSODORISATION DE L'AIR; ASPECTS CHIMIQUES DES BANDAGES, DES PANSEMENTS, DES GARNITURES ABSORBANTES OU DES ARTICLES CHIRURGICAUX; MATÉRIAUX POUR BANDAGES, PANSEMENTS, GARNITURES ABSORBANTES OU ARTICLES CHIRURGICAUX (conservation des corps ou désinfection caractérisée par les agents employés;conservation, p.ex. stérilisation, de la nourriture ou des produits alimentaires;préparations à usage médical, dentaire ou pour la toilette)
A61M	DISPOSITIFS POUR INTRODUIRE DES AGENTS DANS LE CORPS OU LES DÉPOSER SUR CELUI-CI (introduction ou dépôt de remèdes dans ou sur le corps des animaux;moyens pour appliquer les tampons;dispositifs pour administrer de la nourriture ou des médicaments par voie buccale;récipients pour recueillir, stocker ou administrer du sang ou des fluides médicaux); DISPOSITIFS POUR FAIRE CIRCULER DES AGENTS DANS LE CORPS OU POUR LES EN RETIRER (chirurgie;aspects chimiques des articles chirurgicaux;magnétothérapie utilisant des éléments magnétiques placés à l'intérieur du corps); DISPOSITIFS POUR PROVOQUER LE SOMMEIL OU LA LÉTHARGIE OU POUR Y METTRE FIN
A61N	ÉLECTROTHÉRAPIE; MAGNÉTOTHÉRAPIE; THÉRAPIE PAR RADIATIONS; THÉRAPIE PAR ULTRASONS (mesure des courants bioélectriques;instruments, dispositifs ou procédés chirurgicaux pour transférer des formes non mécaniques d'énergie vers le corps ou à partir de celui-ci;appareils d'anesthésie en général;lampes à incandescence;radiateurs à infrarouges pour le chauffage)
A61P	ACTIVITÉ THÉRAPEUTIQUE SPÉCIFIQUE DE COMPOSÉS CHIMIQUES OU DE PRÉPARATIONS MÉDICINALES
A61Q	UTILISATION SPÉCIFIQUE DE COSMÉTIQUES OU DE PRÉPARATIONS SIMILAIRES POUR LA TOILETTE
A62B	DISPOSITIFS, APPAREILS OU PROCÉDÉS DE SAUVETAGE (soupapes spécialement conçues pour usage médical;composition des substances chimiques utilisées dans les appareils de réanimation, masques à gaz, appareils respiratoires ou similaires;sauvetage en montagne ou sur les arbres;dispositifs, appareils ou procédés de sauvetage spécialement conçus pour le sauvetage en mer;équipement de plongeurs;spécialement conçus pour être utilisés en aéronautique, p.ex. parachutes, sièges éjectables,;dispositifs de sauvetage particuliers aux mines)
A62C	LUTTE CONTRE L'INCENDIE (compositions pour éteindre les incendies, emploi de produits chimiques pour éteindre les incendies;pulvérisation, application de liquides ou d'autres matériaux fluides aux surfaces en général; aéronefs destinés à la lutte contre l'incendie;systèmes d'alarme p.ex. alarmes d'incendie déclenchées par la fumée ou les gaz)
A62D	MOYENS CHIMIQUES POUR ÉTEINDRE LES INCENDIES; PROCÉDÉS POUR RENDRE LES SUBSTANCES CHIMIQUES NUISIBLES INOFFENSIVES OU MOINS NUISIBLES EN EFFECTUANT UN CHANGEMENT CHIMIQUE; COMPOSITION DES MATÉRIAUX POUR REVÊTEMENTS OU VÊTEMENTS PROTECTEURS CONTRE LES AGENTS CHIMIQUES NUISIBLES; COMPOSITION DES MATÉRIAUX POUR LES PARTIES TRANSPARENTES DES MASQUES À GAZ, APPAREILS RESPIRATOIRES, SACS OU CASQUES RESPIRATOIRES; COMPOSITION DES SUBSTANCES CHIMIQUES UTILISÉES DANS LES APPAREILS RESPIRATOIRES
A63B	MATÉRIEL D'ÉDUCATION PHYSIQUE, DE GYMNASTIQUE, DE NATATION, D'ESCALADE OU D'ESCRIME; JEUX DE BALLES; MATÉRIEL D'ENTRAÎNEMENT (appareils pour l'exercice passif, massage)
A63C	PATINS; SKIS; PATINS À ROULETTES; FORME OU TRACÉ DE TERRAINS, DE PISTES OU SIMILAIRES (skis nautiques)
A63D	JEUX DE BOULES, p.ex. JEU DE QUILLES, BOULE ITALIENNE OU PÉTANQUE; BOULODROMES; JEUX DE BAGATELLE OU JEUX ANALOGUES; BILLARDS (boules, billes)
A63F	JEUX DE CARTES, JEUX SE JOUANT SUR TABLE OU JEUX DE ROULETTE; JEUX D’INTÉRIEUR UTILISANT DE PETITS ÉLÉMENTS DE JEU MOBILES; JEUX VIDÉO; JEUX NON PRÉVUS AILLEURS
A63G	MANÈGES; BALANÇOIRES; CHEVAUX À BASCULE (balançoires ou chevaux à bascule en tant que meubles de pouponnières); TOBOGGANS; MONTAGNES RUSSES; DISTRACTIONS PUBLIQUES ANALOGUES
A63H	JOUETS, p.ex. TOUPIES, POUPÉES, CERCEAUX OU JEUX DE CONSTRUCTION
A63J	MATÉRIEL DE THÉÂTRE, CIRQUE OU D'AUTRES LIEUX DE SPECTACLE; ACCESSOIRES DE PRESTIDIGITATION OU ANALOGUES
A63K	COURSES; SPORTS ÉQUESTRES; MATÉRIEL OU ACCESSOIRES À CET EFFET (compteurs de temps;chronométrage;dispositifs d'affichage d'information variable par sélection ou combinaison d'éléments individuels)
A99Z	MATIÈRE NON PRÉVUE AILLEURS DANS LA PRÉSENTE SECTION
B01B	ÉBULLITION; CHAUDIÈRES
B01D	SÉPARATION (séparation de solides par voie humide par tables ou cribles pneumatiques par voie sèche;séparation magnétique ou électrostatique de matériaux solides à partir de matériaux solides ou de fluides, séparation par des champs électriques à haute tension;appareils centrifugeurs;appareils à vortex;presses en soi pour exprimer les liquides des substances qui les contiennent)
B01F	MÉLANGE, p.ex. DISSOLUTION, ÉMULSION OU DISPERSION (mélange des peintures)
B01J	PROCÉDÉS CHIMIQUES OU PHYSIQUES, p.ex. CATALYSE OU CHIMIE DES COLLOÏDES; APPAREILLAGE APPROPRIÉ
B01L	APPAREILS DE LABORATOIRE POUR LA CHIMIE OU LA PHYSIQUE, À USAGE GÉNÉRAL (appareils d'usage médical ou pharmaceutique;appareils pour applications industrielles ou appareils de laboratoire dont la structure et les performances sont comparables à celles d'appareils industriels similaires, voir les classes relatives aux appareils industriels, en particulier les sous-classes deet;appareils de séparation ou de distillation;dispositifs de mélange ou d'agitation;atomiseurs;tamis, cribles;bouchons, tampons;manipulation des liquides en général;pompes à vide;siphons;robinets, vannes;tubes, joints pour tubes;appareils spécialement adaptés à l'étude ou à l'analyse des matériaux particulièrement;appareils électriques ou optiques, voir les sous-classes appropriées dans les sections G et H)
B02B	PRÉPARATION DES GRAINES POUR LA MOUTURE; AFFINAGE DES FRUITS GRANULAIRES À DES FINS COMMERCIALES PAR TRAVAIL DE LA SURFACE (fabrication de pâte directement à partir des céréales;conservation ou stérilisation des céréales;nettoyage des fruits;préparation du malt)
B02C	BROYAGE, RÉDUCTION EN POUDRE OU DÉSAGRÉGATION EN GÉNÉRAL; MOUTURE DES GRAINES (obtention de poudres métalliques par broyage, meulage ou écrasement à la meule)
B03B	SÉPARATION DES MATÉRIAUX SOLIDES PAR UTILISATION DE LIQUIDES OU PAR UTILISATION DE TABLES OU CRIBLES À PISTON PNEUMATIQUES (opérations pour retirer les fluides des solides;séparation magnétique ou électrostatique de matériaux solides à partir de matériaux solides ou fluides, séparation par des champs électriques à haute tension;flottation, sédimentation différentielle;séparation par voie sèche;criblage ou tamisage;séparation par triage individuel;séparation particulière à des matériaux définis, prévue dans une seule des autres classes, voir les autres classes appropriées)
B03C	SÉPARATION MAGNÉTIQUE OU ÉLECTROSTATIQUE DE MATÉRIAUX SOLIDES À PARTIR DE MATÉRIAUX SOLIDES OU DE FLUIDES; SÉPARATION PAR DES CHAMPS ÉLECTRIQUES À HAUTE TENSION (filtres utilisant l'électricité ou le magnétisme;séparation d'isotopes;séparation combinant les procédés magnétiques ou électrostatiques avec les autres moyens de séparation des solides;séparation des feuilles empilées;aimants ou bobines magnétiques en soi)
B03D	FLOTTATION; SÉDIMENTATION DIFFÉRENTIELLE (en combinaison avec une autre séparation de solides;séparation par plongeants et flottants)
B04B	CENTRIFUGEURS (tambours à grande vitesse pour la désagrégation)
B04C	APPAREILS UTILISANT LE TOURBILLON LIBRE, p.ex. CYCLONES (silencieux ou dispositifs d'échappement pour "machines" ou machines motrices avec des moyens pour enlever les constituants solides des gaz d'échappement, au moyen de séparateurs inertiels ou centrifuges;appareils de combustion du type cyclone)
B05B	APPAREILLAGES DE PULVÉRISATION; APPAREILLAGES D'ATOMISATION; AJUTAGES OU BUSES (mélangeurs de pulvérisation avec ajutages;procédés pour appliquer des liquides ou d'autres matériaux fluides à des surfaces par pulvérisation)
B05C	APPAREILS POUR L'APPLICATION DE MATÉRIAUX FLUIDES AUX SURFACES, EN GÉNÉRAL (appareillages de pulvérisation, appareillages d'atomisation, ajutages ou buses;installations pour appliquer des liquides ou d'autres matériaux fluides à des objets par pulvérisation électrostatique)
B05D	PROCÉDÉS POUR L’APPLICATION DE MATÉRIAUX FLUIDES AUX SURFACES, EN GÉNÉRAL (transport d'objets ou de pièces à usiner à travers des bains de liquide p.ex.)
B06B	PRODUCTION OU TRANSMISSION DES VIBRATIONS MÉCANIQUES EN GÉNÉRAL (pour des procédés physiques ou chimiques particuliers, voir les sous-classes correspondantes, p.ex.;mesures des vibrations mécaniques, y compris la combinaison de la génération et de la mesure,;systèmes utilisant la réflexion ou la reradiation d'ondes acoustiques;production d'énergie sismique pour la prospection;commande des vibrations mécaniques;procédés ou dispositifs pour transmettre, conduire ou diriger le son, en général,;synthèse d'ondes acoustiques;éléments piézo-électriques, électrostrictifs ou magnétostrictifs;moteurs avec aimant, induit ou système de bobine vibrants;moteurs utilisant l'effet piézo-électrique, l'électrostriction ou la magnétostriction;production d'oscillations électriques;résonateurs électromécaniques comme éléments de circuits résonnants;haut-parleurs, microphones, têtes de lectures pour tourne-disques ou transducteurs acoustiques électromécaniques analogues)
B07B	SÉPARATION DE DIFFÉRENTS SOLIDES LES UNS DES AUTRES PAR CRIBLAGE, TAMISAGE OU UTILISATION DE COURANTS DE GAZ; SÉPARATION PAR D’AUTRES PROCÉDÉS PAR VOIE SÈCHE POUR MATÉRIAU EN VRAC, p.ex. POUR DES OBJETS INDIVIDUELS MANIPULABLES COMME UN MATÉRIAU EN VRAC (procédés de séparation par voie humide, triage par procédés utilisant des matériaux fluents comme des liquides;combinaisons d'appareillages de séparation par voie sèche avec des appareillages de séparation par voie humide;par utilisation de liquide;triage par séparation magnétique ou électrostatique de matériaux solides à partir de matériaux solides ou fluides, séparation par des champs électriques à haute tension;appareils centrifuges ou à vortex pour la mise en œuvre de procédés physiques;triage manuel, tri postal, tri par aiguillage ou par d'autres systèmes fonctionnant en réponse à la détection ou à la mesure des caractéristiques des objets ou des échantillons de matériau)
B07C	TRI POSTAL; TRI D'OBJETS INDIVIDUELS OU D'UN MATÉRIAU EN VRAC MANIPULABLE PIÈCE PAR PIÈCE COMME DES OBJETS INDIVIDUELS (spécialement adapté à un but déterminé prévu par une autre classe, voir l'endroit approprié, p.ex.)
B08B	NETTOYAGE EN GÉNÉRAL; PROTECTION CONTRE LA SALISSURE EN GÉNÉRAL (brosses;dispositifs pour le nettoyage ménager ou analogue;séparation des particules solides dispersées dans un liquide ou un gaz;séparation des solides;pulvérisation ou application de liquides ou d'autres matériaux fluides aux surfaces en général;dispositifs de nettoyage pour transporteurs;opérations combinées de lavage, remplissage et fermeture des bouteilles;empêcher la corrosion ou l'entartrage ou l'incrustation en général;nettoyage des rues, des voies ferrées, des plages ou des terrains;parties constitutives, détails ou accessoires des piscines ou des pataugeoires spécialement adaptés au nettoyage;protection contre les charges électrostatiques ou suppression de ces charges)
B09B	ÉLIMINATION DES DÉCHETS SOLIDES
B09C	RÉGÉNÉRATION DE SOLS POLLUÉS (machines pour retirer les pierres ou similaires du sol;stérilisation du sol par la vapeur;élimination de matières indésirables des terrains p.ex. détritus,)
B21B	LAMINAGE DES MÉTAUX (opérations auxiliaires en relation avec le travail des métaux prévu dans la classe voir;cintrage par passage entre des rouleaux;fabrication d'objets particuliers, p.ex. de vis, de roues, d'anneaux, de cylindres ou de boules, par laminage;soudage par pression au moyen d'un laminoir)
B21C	FABRICATION DES TÔLES, FILS, BARRES, TUBES, PROFILÉS MÉTALLIQUES OU D'AUTRES PRODUITS SEMI-FINIS SIMILAIRES PAR D'AUTRES PROCÉDÉS QUE LE LAMINAGE; OPÉRATIONS AUXILIAIRES EN RELATION AVEC LE TRAVAIL DES MÉTAUX SANS ENLÈVEMENT SUBSTANTIEL DE MATIÈRE
B21D	TRAVAIL MÉCANIQUE OU TRAITEMENT DES TÔLES, TUBES, BARRES OU PROFILÉS MÉTALLIQUES SANS ENLÈVEMENT SUBSTANTIEL DE MATIÈRE; DÉCOUPAGE DU MÉTAL À L'EMPORTE-PIÈCE (travail mécanique ou traitement des fils métalliques)
B21F	TRAVAIL MÉCANIQUE OU TRAITEMENT DES FILS MÉTALLIQUES (laminage des métaux;par étirage, opérations auxiliaires en relation avec le travail du métal sans enlèvement substantiel de matière;ficelage des objets en paquets)
B21G	FABRICATION DES AIGUILLES, ÉPINGLES OU CLOUS EN MÉTAL
B21H	FABRICATION D'ARTICLES MÉTALLIQUES PARTICULIERS PAR LAMINAGE, p.ex. VIS, ROUES, ANNEAUX, CYLINDRES, BILLES, BOULES (principalement à partir de tôles)
B21J	FORGEAGE; MARTELAGE; PRESSAGE DES MÉTAUX; RIVETAGE; FOURNEAUX DE FORGE (laminage des métaux;fabrication de produits particuliers par forgeage ou pressage;placage;finition des surfaces par martelage;augmentation de la compacité des surfaces par jet de matériaux en particules;caractéristiques générales des presses, presses à tasser les résidus;fours en général)
B21K	FABRICATION D'ARTICLES MÉTALLIQUES FORGÉS OU PRESSÉS, p.ex. FERS À CHEVAL, RIVETS, BOULONS OU ROUES (fabrication d'articles particuliers par travail de feuilles métalliques sans enlèvement substantiel de matière;travail des fils métalliques;fabrication d'épingles, d'aiguilles ou de clous;fabrication d'articles particuliers par laminage;machines à forger, presser, marteler en général;fabrication de chaînes;placage)
B21L	FABRICATION DE CHAÎNES MÉTALLIQUES (fabrication de chaînes ou de maillons de chaînes par coulée;chaînes en général)
B22C	MOULAGE EN FONDERIE (moulage des matériaux réfractaires en général)
B22D	COULÉE DES MÉTAUX; COULÉE D'AUTRES MATIÈRES PAR LES MÊMES PROCÉDÉS OU AVEC LES MÊMES DISPOSITIFS (façonnage des matières plastiques ou des substances à l'état plastique;traitements métallurgiques, emploi de substances spécifiées à ajouter au métal)
B22F	TRAVAIL DES POUDRES MÉTALLIQUES; FABRICATION D'OBJETS À PARTIR DE POUDRES MÉTALLIQUES; FABRICATION DE POUDRES MÉTALLIQUES (fabrication d'alliages par la métallurgie des poudres); APPAREILS OU DISPOSITIFS SPÉCIALEMENT ADAPTÉS AUX POUDRES MÉTALLIQUES
B23B	TOURNAGE; PERÇAGE (à l'aide d'une électrode tenant lieu d'outil p.ex. réalisation de trous;travail par rayon laser;agencements pour copier ou commander)
B23C	FRAISAGE (brochage;pour la fabrication d'engrenages;agencements pour copier ou commander)
B23D	RABOTAGE; MORTAISAGE; CISAILLAGE; BROCHAGE; SCIAGE; LIMAGE; RACLAGE; OPÉRATIONS ANALOGUES NON PRÉVUES AILLEURS, POUR LE TRAVAIL DES MÉTAUX PAR ENLÈVEMENT DE MATIÈRE (fabrication de roues dentées ou d'organes similaires;découpage du métal par chauffage localisé;agencements pour copier ou commander)
B23F	FABRICATION D'ENGRENAGES OU DE CRÉMAILLÈRES (par estampage;par laminage;par forgeage ou pressage;par coulée;agencements pour copier ou commander;machines ou dispositifs pour meuler ou pour polir, en général)
B23G	FILETAGE; TRAVAIL MÉCANIQUE DES VIS, TÊTES DE BOULONS OU ÉCROUS, EN CONJONCTION AVEC LE FILETAGE (formation de filets par ondulation de tubes;par laminage;par forgeage, pressage ou martelage;fabrication de rainures hélicoïdales par tournage;par fraisage;par meulage;agencements pour copier ou commander)
B23H	USINAGE DU MÉTAL PAR ACTION, SUR UNE PIÈCE, D'UNE FORTE CONCENTRATION DE COURANT ÉLECTRIQUE À L'AIDE D'UNE ÉLECTRODE TENANT LIEU D'OUTIL; USINAGE DE CE TYPE COMBINÉ AVEC D'AUTRES FORMES D'USINAGE DU MÉTAL (procédés pour la production électrolytique ou électrophorétique de revêtements, galvanoplastie, appareillages à cet effet;procédés pour le traitement d'objets par enlèvement électrolytique de matière;fabrication de circuits imprimés utilisant pour former le parcours conducteur recherché des techniques de précipitation pour appliquer le matériau conducteur)
B23K	BRASAGE OU DÉBRASAGE; SOUDAGE; REVÊTEMENT OU PLACAGE PAR BRASAGE OU SOUDAGE; DÉCOUPAGE PAR CHAUFFAGE LOCALISÉ, p.ex. DÉCOUPAGE AU CHALUMEAU; TRAVAIL PAR RAYON LASER (fabrication de produits revêtus de métal par extrusion de métaux;réalisation de garnitures ou de recouvrements par moulage;moulage par immersion;fabrication de couches composites par frittage de poudres métalliques;agencements sur les machines-outils pour copier ou commander;recouvrement de métaux ou recouvrement de matériaux avec des métaux, non prévu ailleurs;brûleurs)
B23P	PROCÉDÉS MÉCANIQUES DE TRAVAIL DU MÉTAL NON PRÉVUS AILLEURS; OPÉRATIONS MIXTES; MACHINES-OUTILS UNIVERSELLES (agencements pour le copiage ou la commande)
B23Q	PARTIES CONSTITUTIVES, AMÉNAGEMENTS OU ACCESSOIRES DES MACHINES-OUTILS, p.ex. DISPOSITIONS POUR COPIER OU COMMANDER (outils du genre de ceux utilisés avec les tours ou les perceuses); MACHINES-OUTILS D'UTILISATION GÉNÉRALE, CARACTÉRISÉES PAR LA STRUCTURE DE CERTAINES PARTIES CONSTITUTIVES OU AMÉNAGEMENTS; COMBINAISONS OU ASSOCIATIONS DE MACHINES POUR LE TRAVAIL DES MÉTAUX, NE VISANT PAS UN TRAVAIL PARTICULIER
B24B	MACHINES, DISPOSITIFS OU PROCÉDÉS POUR MEULER OU POUR POLIR (par électroérosion;traitement au jet abrasif ou analogue; gravure ou polissage électrolytique); DRESSAGE OU REMISE EN ÉTAT DES SURFACES ABRASIVES; ALIMENTATION DES MACHINES EN MATÉRIAUX DE MEULAGE, DE POLISSAGE OU DE RODAGE
B24C	TRAITEMENT AU JET ABRASIF OU JET ANALOGUE, AVEC DES MATÉRIAUX EN PARTICULES
B24D	OUTILS POUR MEULER, POLIR OU AFFILER (corps abrasifs spécialement conçus pour le travail au tonneau, p.ex. billes abrasives;outils de finissage; outils de rodage)
B25B	OUTILS OU OUTILLAGE D'ÉTABLI NON PRÉVUS AILLEURS, POUR FIXER, JOINDRE, DÉSENGAGER OU TENIR
B25C	OUTILS TENUS À LA MAIN POUR CLOUER OU AGRAFER; OUTILS PORTATIFS POUR AGRAFER ACTIONNÉS PAR LA FORCE MUSCULAIRE (pour la fabrication des chaussures)
B25D	OUTILS À PERCUSSION
B25F	OUTILS COMBINÉS OU À USAGES MULTIPLES NON PRÉVUS AILLEURS; DÉTAILS OU PARTIES CONSTITUTIVES D'OUTILS PORTATIFS À MOTEUR SANS RELATION SPÉCIFIQUE AVEC LES OPÉRATIONS EXÉCUTÉES ET NON PRÉVUS AILLEURS
B25G	MANCHES POUR USTENSILES À MAIN (fixation des lames ou dispositifs similaires aux manches d'outils à main pour le travail du sol;manches d'outillages à main pour la récolte;poignées incorporées aux brosses)
B25H	OUTILLAGE D'ATELIER, p.ex. POUR LE TRAÇAGE DES PIÈCES À TRAVAILLER; RANGEMENT DES ATELIERS
B25J	MANIPULATEURS; ENCEINTES À DISPOSITIFS DE MANIPULATION INTÉGRÉS (dispositifs robotisés pour cueillir un par un des fruits, des légumes, du houblon ou des produits similaires;dispositifs pour manipuler les aiguilles en chirurgie;manipulateurs associés aux laminoirs;manipulateurs associés aux machines à forger;moyens pour maintenir les roues ou leurs éléments;grues;dispositions pour la manipulation du combustible ou d'autres matériaux utilisés à l'intérieur de réacteurs nucléaires;combinaison structurelle de manipulateurs avec des cellules ou des chambres blindées contre le rayonnement)
B26B	OUTILS TENUS À LA MAIN POUR TAILLER, NON PRÉVUS AILLEURS (pour la récolte;pour l'horticulture ou la sylviculture;pour la boucherie ou le traitement de la viande;pour la fabrication ou la réparation des chaussures;pinces à ongles ou coupe-ongles;matériel de cuisine;pour la chirurgie;pour le travail du métal;coupe par jets de fluides abrasifs;outils en forme de pinces à arêtes tranchantes;tenailles;manches pour ustensiles à main, en général;outils de coupe du type à guillotine;grattoirs;pour les matériaux textiles)
B26D	COUPE; DÉTAILS COMMUNS AUX MACHINES POUR PERFORER, DÉCOUPER À L'EMPORTE-PIÈCE, DÉCOUPER, POINÇONNER OU SÉPARER  (désagrégation par couteaux ou autres organes coupants ou déchirants qui transforment le matériau en fragments;coupe par jets de fluides abrasifs;outils tenus à la main pour tailler)
B26F	PERFORATION; DÉCOUPAGE À L'EMPORTE-PIÈCES; DÉCOUPAGE; POINÇONNAGE; SÉPARATION PAR DES MOYENS AUTRES QUE LA COUPE (traçage, perforation ou fabrication des boutonnières;fabrication des chaussures;chirurgie;découpage du métal;perçage des métaux;découpage du métal par chauffage localisé, p.ex. découpage au chalumeau,;coupe par jets de fluides abrasifs;détails communs aux machines pour séparer;perçage du bois;perçage de la pierre;travail des matières plastiques ou des substances à l'état plastique;fabrication de boîtes, cartons, enveloppes ou sacs, en papier ou matériau travaillé d'une façon analogue, p.ex. en feuilles métalliques,;du verre;du cuir;des matériaux textiles;des guides de lumière;des billets)
B27B	SCIES À BOIS OU MATÉRIAUX SIMILAIRES; PARTIES CONSTITUTIVES OU ACCESSOIRES DES SCIES (scies spécialement adaptées pour élaguer ou émonder les arbres;appareils de sciage spécialement adaptés pour abattre des arbres;caractéristiques non limitées à un type particulier de scie à bois p.ex. fixation des lames de scie;bâtis, bancs, colonnes ou éléments similaires en général)
B27C	RABOTEUSES, PERCEUSES, FRAISEUSES, TOURS OU MACHINES UNIVERSELLES À BOIS OU MATÉRIAUX SIMILAIRES  (machines-outils en général;travail du bois par des dispositifs abrasifs, p.ex. par sablage,;outils pour ces opérations)
B27D	TRAVAIL DU BOIS DE PLACAGE OU DU CONTRE-PLAQUÉ (application de liquides ou d'autre matériaux fluides aux surfaces en général;perçage, sablage ou polissage du bois;application d'adhésifs ou de colle aux surfaces en bois;fabrication de feuilles de bois de placage)
B27F	QUEUES D'ARONDE; TENONS; MORTAISEUSES À BOIS OU MATÉRIAUX SIMILAIRES; MACHINES À CLOUER, À AGRAFER OU À BROCHER (outils tenus à la main à clouer ou agrafer;fabrication de caisses, coffres ou boîtes en bois;moyens d'assemblage pour éléments de construction en général, p.ex. chevilles utilisées dans la construction des bâtiments,;éléments d'assemblage en général, p.ex. chevilles en général,)
B27G	MACHINES OU APPAREILS ACCESSOIRES POUR LE TRAVAIL DU BOIS OU DE MATÉRIAUX SIMILAIRES; OUTILS POUR LE TRAVAIL DU BOIS OU DE MATÉRIAUX SIMILAIRES (outils pour meuler;outils de sciage;outils pour machines à entailler ou à mortaiser;outils pour fabriquer de la sciure, des copeaux, de la poudre ou des produits similaires); DISPOSITIFS DE SÉCURITÉ POUR MACHINES OU OUTILS POUR LE TRAVAIL DU BOIS
B27H	CINTRAGE DU BOIS OU DES MATÉRIAUX SIMILAIRES; TONNELLERIE; FABRICATION DES ROUES EN BOIS OU EN MATÉRIAUX SIMILAIRES
B27J	TRAVAIL MÉCANIQUE DU JONC, DU LIÈGE OU AUTRES MATÉRIAUX SIMILAIRES
B27K	PROCÉDÉS, APPAREILLAGE OU EMPLOI DE SUBSTANCES SPÉCIFIÉES POUR L'IMPRÉGNATION, LA COLORATION, LA TEINTURE OU LE BLANCHIMENT DU BOIS, OU POUR LE TRAITEMENT DU BOIS, NON PRÉVU AILLEURS, AVEC DES LIQUIDES PAR PÉNÉTRATION; TRAITEMENT CHIMIQUE OU PHYSIQUE DU LIÈGE, DU JONC, DU ROSEAU, DE LA PAILLE OU DE MATÉRIAUX SIMILAIRES
B27L	ENLÈVEMENT DE L'ÉCORCE OU DES ATTACHES DE BRANCHES (sylviculture); FENDAGE DU BOIS; FABRICATION DE FEUILLES DE BOIS DE PLACAGE, BAGUETTES, BÂTONNETS, COPEAUX, FIBRES DE BOIS OU POUDRE DE BOIS
B27M	TRAVAIL DU BOIS NON PRÉVU DANS LES SOUS-CLASSES-; FABRICATION D'ARTICLES PARTICULIERS EN BOIS
B27N	FABRICATION D'OBJETS PAR DES PROCÉDÉS À SEC, AVEC OU SANS AGENTS LIANTS ORGANIQUES, À PARTIR DE PARTICULES OU DE FIBRES DE BOIS OU D'AUTRES MATIÈRES LIGNOCELLULOSIQUES OU DE SUBSTANCES ORGANIQUES ANALOGUES (contenant des matières cimentaires;façonnage des substances à l'état plastique;panneaux de fibres fabriqués à partir de suspensions de fibres;séchage)
B28B	FAÇONNAGE DE L'ARGILE OU D'AUTRES COMPOSITIONS CÉRAMIQUES; FAÇONNAGE DE SCORIES; FAÇONNAGE DE MÉLANGES CONTENANT DES SUBSTANCES ANALOGUES AU CIMENT, p.ex. DU PLÂTRE (moulage en fonderie;travail de la pierre ou des matériaux similaires;façonnage des substances à l'état plastique, en général;fabrication de produits stratifiés non composés entièrement de ces substances;façonnage in situ, voir les classes correspondantes de la section E)
B28C	PRÉPARATION DE L'ARGILE; PRODUCTION DE MÉLANGES CONTENANT DE L'ARGILE OU DES SUBSTANCES ANALOGUES AU CIMENT, p.ex. DU PLÂTRE (préparation des matériaux pour les moules de fonderie)
B28D	TRAVAIL DE LA PIERRE OU DES MATÉRIAUX SEMBLABLES À LA PIERRE (machines ou procédés d'exploitation des mines ou carrières)
B29B	PRÉPARATION OU PRÉTRAITEMENT DES MATIÈRES À FAÇONNER; FABRICATION DE GRANULÉS OU DE PRÉFORMES; RÉCUPÉRATION DES MATIÈRES PLASTIQUES OU D'AUTRES CONSTITUANTS DES DÉCHETS CONTENANT DES MATIÈRES PLASTIQUES
B29C	FAÇONNAGE OU ASSEMBLAGE DES MATIÈRES PLASTIQUES; FAÇONNAGE DES MATIÈRES À L'ÉTAT PLASTIQUE NON PRÉVU AILLEURS; POST-TRAITEMENT DES PRODUITS FAÇONNÉS, p.ex. RÉPARATION (fabrication de préformes;fabrication de produits stratifiés par combinaison de couches non liées au préalable afin de constituer un produit dont les couches restent associées-)
B29D	FABRICATION D'OBJETS PARTICULIERS, À PARTIR DE MATIÈRES PLASTIQUES OU DE SUBSTANCES À L'ÉTAT PLASTIQUE (fabrication des granulés;fabrication des préformes)
B29K	SCHÉMA D'INDEXATION ASSOCIÉ AUX SOUS-CLASSESOU RELATIF AUX MATIÈRES À MOULER, OU AUX COMPOSITIONS POUR RENFORCEMENTS, POUR MATIÈRES DE REMPLISSAGE, OU POUR PIÈCES PRÉFORMÉES, p.ex. INSERTS
B29L	SCHÉMA D'INDEXATION ASSOCIÉ À LA SOUS-CLASSE RELATIF AUX OBJETS PARTICULIERS
B30B	PRESSES EN GÉNÉRAL; PRESSES NON PRÉVUES AILLEURS (production des ultra-pressions ou d'ultra-pressions avec des températures élevées en vue d'obtenir des modifications dans une substance, p.ex. pour fabrication de diamants artificiels,)
B31B	FABRICATION DE RÉCEPTACLES EN PAPIER, EN CARTON OU EN MATÉRIAUX TRAVAILLÉS DE MANIÈRE ANALOGUE AU PAPIER (fabrication d’articles enroulés, p.ex. de tubes enroulés,;fabrication et remplissage combinés)
B31C	FABRICATION D'ARTICLES ENROULÉS, p.ex. DE TUBES ENROULÉS, EN PAPIER, EN CARTON OU EN MATÉRIAUX TRAVAILLÉS DE MANIÈRE ANALOGUE AU PAPIER
B31D	FABRICATION D'ARTICLES EN PAPIER , EN CARTON OU EN MATÉRIAUX TRAVAILLÉS DE MANIÈRE ANALOGUE AU PAPIER, NON PRÉVUE DANS LES SOUS-CLASSESOU(fabrication d'objets par des procédés à sec à partir de particules ou de fibres de bois ou d'autres matières lignocellulosiques ou de substances organiques analogues;fabrication de produits stratifiés ne comportant pas que du papier ou du carton;fabrication d'articles à partir de suspensions de fibres cellulosiques, p.ex. de pâte de bois,)
B31F	TRAVAIL OU DÉFORMATION MÉCANIQUE DU PAPIER, DU CARTON OU DES MATÉRIAUX TRAVAILLÉS DE MANIÈRE ANALOGUE AU PAPIER (fabrication de produits stratifiés comportant d'autres matières que du papier ou du carton)
B32B	PRODUITS STRATIFIÉS, c. à d. FAITS DE PLUSIEURS COUCHES DE FORME PLANE OU NON PLANE, p.ex. CELLULAIRE OU EN NID D'ABEILLES
B33Y	FABRICATION ADDITIVE, c. à d. FABRICATION D’OBJETS EN TROIS DIMENSIONS [3D] PAR DÉPÔT ADDITIF, AGGLOMÉRATION ADDITIVE OU STRATIFICATION ADDITIVE, p.ex. PAR IMPRESSION EN 3D, STÉRÉOLITHOGRAPHIE OU FRITTAGE LASER SÉLECTIF
B41B	MACHINES OU ACCESSOIRES POUR FABRIQUER, COMPOSER OU DISTRIBUER LES CARACTÈRES; CARACTÈRES; DISPOSITIFS DE COMPOSITION PHOTOGRAPHIQUES OU PHOTO-ÉLECTRONIQUES (dispositifs photographiques en général)
B41C	PROCÉDÉS DE FABRICATION OU DE REPRODUCTION DES SURFACES D'IMPRESSION (procédés photomécaniques pour produire des surfaces d'impression;procédés photo-électriques pour produire des surfaces d'impression)
B41D	APPAREILS DE REPRODUCTION MÉCANIQUE DES SURFACES D'IMPRESSION POUR L'IMPRESSION STÉRÉOTYPE; FAÇONNAGE DES MATÉRIAUX ÉLASTIQUES OU DÉFORMABLES POUR RÉALISER DES SURFACES D'IMPRESSION (marquage ou gravure de métal par action d'une forte concentration de courant électrique;machines ou accessoires pour fabriquer, fondre ou distribuer les caractères;procédés de fabrication ou de reproduction de surfaces d'impression;machines ou appareils pour gravure en général ou pour timbrage en creux;gravure chimique des métaux;gravure électrolytique;reproduction photomécanique)
B41F	MACHINES OU PRESSES À IMPRIMER (dispositifs à copier en plusieurs exemplaires ou appareils à imprimer de bureau)
B41G	APPAREILS À BRONZER, À IMPRIMER DES LIGNES OU À BORDER OU ROGNER LES FEUILLES OU ARTICLES SIMILAIRES; APPAREILS AUXILIAIRES POUR PERFORER EN CONJONCTION AVEC L'IMPRESSION (perforation en général;production de décorations;perforation en relation avec le débit de feuilles ou de bandes;pliage ou dépliage de matériaux minces, p.ex. en feuilles, en bandes,)
B41J	MACHINES À ÉCRIRE; MÉCANISMES D'IMPRESSION SÉLECTIVE, c. à d. MÉCANISMES IMPRIMANT AUTREMENT QUE PAR UTILISATION DE FORMES D'IMPRESSION; CORRECTION D'ERREURS TYPOGRAPHIQUES (composition;impression sur surfaces spéciales;marquage pour le blanchissage;grattoirs, gommes ou dispositifs pour effacer;produits fluides pour la correction des erreurs typographiques par recouvrement;enregistrement des résultats de mesure;reconnaissance ou présentation d'informations, marquage des supports d'enregistrement sous forme numérique, p.ex. par poinçonnage,;appareils d'affranchissement ou appareils d'impression et de délivrance de tickets;commutateurs électriques pour claviers en général;codage en relation avec des claviers ou des dispositifs similaires, en général;émetteurs ou récepteurs pour la transmission d'information numérique;transmission ou reproduction de documents ou similaires, p.ex. transmissions de fac-similé,;mécanismes d'impression spécialement conçus pour des appareils, p.ex. pour caisses enregistreuses, machines à peser, produisant un enregistrement de leur propre fonctionnement, voir les classes appropriées)
B41K	TIMBRES; APPAREILS OU DISPOSITIFS DE TIMBRAGE OU DE NUMÉROTAGE (marquage de la viande;estampage et impression combinés;mécanismes d'impression sélective;estampage pour travaux d'art;marquage ou codage des paquets achevés;impression et délivrance de tickets, enregistrement du prix des billets, aspects des appareils d'oblitération ne se rapportant pas à l'impression)
B41L	APPAREILS OU DISPOSITIFS À COPIER EN PLUSIEURS EXEMPLAIRES, POLYCOPIER OU IMPRIMER À USAGE DE BUREAU OU AUTRES FINS COMMERCIALES; MACHINES À IMPRIMER LES ADRESSES OU MACHINES SIMILAIRES À IMPRIMER EN SÉRIE (presses ou machines à imprimer de caractère industriel;timbres, dispositifs de timbrage ou de numérotage)
B41M	PROCÉDÉS D'IMPRESSION, DE REPRODUCTION, DE MARQUAGE OU DE COPIE; IMPRESSION EN COULEUR (correction d'erreurs typographiques;procédés pour appliquer des images-transfert ou similaires;produits fluides pour la correction des erreurs typographiques par recouvrement;impression des textiles)
B41N	CLICHÉS OU PLAQUES D'IMPRESSION (matériaux photosensibles); MATÉRIAUX POUR SURFACES UTILISÉES DANS L'IMPRESSION POUR IMPRIMER, ENCRER, MOUILLER OU SIMILAIRE; PRÉPARATION DE TELLES SURFACES POUR LEUR EMPLOI OU LEUR CONSERVATION
B42B	FIXATION PERMANENTE LES UNS AUX AUTRES OU À DES OBJETS, DE FEUILLES, MAINS DE PAPIER OU CAHIERS (brochage ou agrafage en général;machines effectuant à la fois le collationnement ou l'assemblage et la fixation permanente des feuilles ou cahiers les uns aux autres;assemblage temporaire des feuilles les unes aux autres)
B42C	RELIURE (machines, dispositifs ou outillage de coupe ou de perforation;pliage de feuilles ou de bandes;décoration des livres)
B42D	LIVRES; COUVERTURES DE LIVRES; FEUILLETS MOBILES; IMPRIMÉS CARACTÉRISÉS PAR LEURS ÉLÉMENTS D'IDENTIFICATION OU DE SÉCURITÉ; IMPRIMÉS D'UN FORMAT OU D'UN TYPE PARTICULIER, NON PRÉVUS AILLEURS; DISPOSITIFS FACILITANT LEUR UTILISATION ET NON PRÉVUS AILLEURS; APPAREILS À BANDE MOBILE POUR ÉCRIRE OU LIRE
B42F	FEUILLES ASSEMBLÉES TEMPORAIREMENT; CLASSEURS; FICHES; REPÉRAGE (lutrins;appui-livres)
B43K	INSTRUMENTS POUR ÉCRIRE OU DESSINER (récipients, emboîtages ou accessoires pour produits de parfumerie, p.ex. savon à barbe, rouge à lèvres, maquillage,)
B43L	OBJETS SUR LESQUELS ON ÉCRIT OU ON DESSINE; ACCESSOIRES POUR ÉCRIRE OU DESSINER (outillage d'atelier pour le traçage des pièces à travailler;enseignement de l'écriture ou du dessin)
B43M	ACCESSOIRES DE BUREAU NON PRÉVUS AILLEURS (agrafeuses;dispositifs pour assembler temporairement des feuilles;distributeurs de bande adhésive)
B44B	MACHINES, APPAREILS OU OUTILS POUR TRAVAUX D'ART, p.ex. POUR SCULPTER, GUILLOCHER, CISELER, PYROGRAVER OU MARQUETER (décoration du cuir)
B44C	RÉALISATION D'EFFETS DÉCORATIFS (procédés pour appliquer des liquides ou d'autres matériaux fluides aux surfaces, en général;façonnage des matières plastiques ou des substances à l'état plastique;procédés d'impression pour images-transfert;procédés thermographiques de reproduction ou de marquage); MOSAÏQUES; MARQUETERIE (imitation de mosaïques ou de marqueterie); POSE DE PAPIERS PEINTS
B44D	PEINTURE OU DESSIN ARTISTIQUE, NON PRÉVU AILLEURS; PRÉSERVATION DES PEINTURES; TRAITEMENT DES SURFACES POUR OBTENIR DES EFFETS OU DES FINIS DE SURFACE ARTISTIQUES (traitement des surfaces en général, voir les endroits appropriés, p.ex. application de liquides ou d'autres matériaux fluides)
B44F	DESSINS PARTICULIERS
B60B	ROUES DE VÉHICULES (fabrication de roues ou de parties de roues par laminage par forgeage, martelage ou pressage); ROUES À PIVOT; ESSIEUX POUR ROUES OU ROUES À PIVOT; AMÉLIORATION DE L'ADHÉRENCE DES ROUES
B60C	PNEUMATIQUES POUR VÉHICULES; GONFLAGE DES PNEUMATIQUES; CHANGEMENT DES PNEUMATIQUES; FIXATION DES VALVES À DES CORPS ÉLASTIQUES GONFLABLES, EN GÉNÉRAL; DISPOSITIFS OU AGENCEMENTS CONCERNANT LES PNEUMATIQUES
B60D	LIAISONS POUR VÉHICULES (éléments des systèmes de freins)
B60F	VÉHICULES RAIL-ROUTE; VÉHICULES CAPABLES DE SE DÉPLACER DANS OU SUR DES MILIEUX DIFFÉRENTS, p.ex. VÉHICULES AMPHIBIES (véhicules à coussin d'air)
B60G	SUSPENSION DES VÉHICULES (véhicules à coussin d'air;assemblages entre la caisse et le châssis du véhicule)
B60H	AMÉNAGEMENTS DES DISPOSITIFS DE CHAUFFAGE, DE RÉFRIGÉRATION, DE VENTILATION OU D'AUTRES TRAITEMENTS DE L'AIR, SPÉCIALEMENT ADAPTÉS AUX PARTIES DE VÉHICULE AFFECTÉES AUX PASSAGERS OU AUX MARCHANDISES
B60J	FENÊTRES, PARE-BRISE, TOITS AMOVIBLES, PORTES OU DISPOSITIFS SIMILAIRES POUR VÉHICULES; PROTECTIONS EXTÉRIEURES AMOVIBLES SPÉCIALEMENT ADAPTÉES AUX VÉHICULES (fixation, suspension, fermeture ou ouverture de ces dispositifs)
B60K	AGENCEMENT OU MONTAGE DES ENSEMBLES DE PROPULSION OU DES TRANSMISSIONS SUR LES VÉHICULES; AGENCEMENT OU MONTAGE DE PLUSIEURS MOTEURS PRINCIPAUX DIFFÉRENTS SUR LES VÉHICULES; ENTRAÎNEMENTS AUXILIAIRES POUR VÉHICULES; INSTRUMENTS OU TABLEAUX DE BORD DE VÉHICULES; AMÉNAGEMENTS DES ENSEMBLES DE PROPULSION SUR LES VÉHICULES, RELATIFS AU REFROIDISSEMENT, À L'ADMISSION D'AIR, À L'ÉCHAPPEMENT DES GAZ OU À L'ALIMENTATION EN CARBURANT
B60L	PROPULSION DES VÉHICULES À TRACTION ÉLECTRIQUE (aménagements ou montage des ensembles de propulsion électriques ou de plusieurs moteurs principaux différents pour une propulsion réciproque ou commune sur les véhicules;aménagements ou montage de la transmission électrique sur les véhicules;prévention du patinage des roues en réduisant la puissance dans les véhicules sur rails;machines dynamo-électriques;commande ou régulation des moteurs électriques); FOURNITURE DE L'ÉNERGIE ÉLECTRIQUE À L'ÉQUIPEMENT AUXILIAIRE DES VÉHICULES À TRACTION ÉLECTRIQUE (circuits électriques pour le couplage de véhicules;chauffage électrique pour véhicules); SYSTÈMES DE FREINS ÉLECTRODYNAMIQUES POUR VÉHICULES, EN GÉNÉRAL (commande ou régulation des moteurs électriques); SUSPENSION OU LÉVITATION MAGNÉTIQUES POUR VÉHICULES; CONTRÔLE DES PARAMÈTRES DE FONCTIONNEMENT DES VÉHICULES À TRACTION ÉLECTRIQUE; DISPOSITIFS ÉLECTRIQUES DE SÉCURITÉ POUR VÉHICULES À TRACTION ÉLECTRIQUE
B60M	LIGNES DE COURANT D'ALIMENTATION EN ÉNERGIE OU DISPOSITIFS LE LONG DE LA VOIE POUR VÉHICULES À TRACTION ÉLECTRIQUE (commandes des aiguillages ou dispositifs de sécurité le long de la voie;structure en général des rails ou des aiguillages)
B60N	SIÈGES SPECIALEMENT ADAPTÉS AUX VÉHICULES; AMÉNAGEMENTS DES VÉHICULES POUR PASSAGERS, NON PRÉVUS AILLEURS
B60P	VÉHICULES ADAPTÉS AU TRANSPORT DES CHARGES OU POUR TRANSPORTER, PORTER OU COMPORTER DES CHARGES OU DES OBJETS PARTICULIERS (véhicules avec des dispositions particulières pour transporter des personnes handicapées ou leurs moyens de transport personnels)
B60Q	AGENCEMENT DES DISPOSITIFS DE SIGNALISATION OU D'ÉCLAIRAGE, LEUR MONTAGE OU LEUR SUPPORT, LES CIRCUITS À CET EFFET, POUR LES VÉHICULES EN GÉNÉRAL
B60R	VÉHICULES, ÉQUIPEMENTS OU PARTIES DE VÉHICULES, NON PRÉVUS AILLEURS (prévention, limitation ou extinction des incendies spécialement adaptées aux véhicules)
B60S	ENTRETIEN, NETTOYAGE, RÉPARATION, LEVAGE OU MANŒUVRE DES VÉHICULES, NON PRÉVUS AILLEURS
B60T	SYSTÈMES DE COMMANDE DES FREINS POUR VÉHICULES OU PARTIES DE CES SYSTÈMES; SYSTÈMES DE COMMANDE DES FREINS OU PARTIES DE CES SYSTÈMES, EN GÉNÉRAL (commande des systèmes de freinage électrodynamique;commande conjuguée des freins et d'autres éléments des ensembles de propulsion de véhicules); AMÉNAGEMENT DES ÉLÉMENTS DE FREINAGE SUR VÉHICULES EN GÉNÉRAL; DISPOSITIFS PORTATIFS POUR INTERDIRE LE MOUVEMENT NON VOULU D'UN VÉHICULE; MODIFICATIONS APPORTÉES AUX VÉHICULES POUR FACILITER LE REFROIDISSEMENT DES FREINS
B60V	VÉHICULES À COUSSIN D'AIR
B60W	COMMANDE CONJUGUÉE DE PLUSIEURS SOUS-ENSEMBLES D'UN VÉHICULE, DE FONCTION OU DE TYPE DIFFÉRENTS; SYSTÈMES DE COMMANDE SPÉCIALEMENT ADAPTÉS AUX VÉHICULES HYBRIDES; SYSTÈMES D'AIDE À LA CONDUITE DE VÉHICULES ROUTIERS, NON LIÉS À LA COMMANDE D'UN SOUS-ENSEMBLE PARTICULIER
B61B	SYSTÈMES FERROVIAIRES; ÉQUIPEMENTS À CET EFFET NON PRÉVUS AILLEURS (ascenseurs ou monte-charge, élévateurs, escaliers roulants, trottoirs roulants)
B61C	LOCOMOTIVES; AUTOMOTRICES (véhicules en général;châssis ou bogies;équipement spécial de la voie ferrée pour les locomotives)
B61D	PARTIES CONSTITUTIVES DU CORPS DES VÉHICULES FERROVIAIRES OU GENRES OU TYPES DE VÉHICLES (véhicules en général;adaptation des véhicules aux systèmes ferroviaires particuliers;châssis)
B61F	SUSPENSIONS DES VÉHICULES FERROVIAIRES, p.ex. CHÂSSIS, BOGIES OU AMÉNAGEMENTS DES ESSIEUX DES ROUES; VÉHICULES FERROVIAIRES UTILISABLES SUR VOIES D'ÉCARTEMENT DIFFÉRENT; PRÉVENTION DES DÉRAILLEMENTS DE VÉHICULES FERROVIAIRES; COUVRE-ROUES, DÉBLAYEURS D'OBSTACLES OU DISPOSITIFS SIMILAIRES POUR VÉHICULES FERROVIAIRES (pour véhicules en général;essieux or roues;pneumatiques pour véhicules)
B61G	ATTELAGES SPÉCIALEMENT ADAPTÉS AUX VÉHICULES FERROVIAIRES; ORGANES DE TRACTION OU D'ABSORPTION DES CHOCS SPÉCIALEMENT ADAPTÉS AUX VÉHICULES FERROVIAIRES
B61H	FREINS OU AUTRES DISPOSITIFS DE RALENTISSEMENT SPÉCIALEMENT ADAPTÉS AUX VÉHICULES FERROVIAIRES; AGENCEMENT OU DISPOSITION DE CEUX-CI DANS LES VÉHICULES FERROVIAIRES (freinage électrodynamique des véhicules en général;dispositions sur les véhicules ferroviaires pour adapter la force de freinage aux conditions variables du véhicule ou de la voie;transmission de l'action de freinage entre l'organe d'attaque et les organes terminaux d'action avec puissance de freinage assistée ou à relais de puissance, ou systèmes de freinage comportant ces moyens de transmission, p.ex. systèmes de freinage à pression d'air,;structure, disposition ou fonctionnement des valves incorporées dans les systèmes de commande de freins assistés ou à relais de puissance;éléments, parties constitutives ou accessoires des systèmes de freins;freins en général)
B61J	TRANSBORDEMENT OU TRIAGE DES VÉHICULES FERROVIAIRES (transfert des véhicules en général;systèmes de triage)
B61K	ÉQUIPEMENTS AUXILIAIRES SPÉCIALEMENT ADAPTÉS AUX CHEMINS DE FER, NON PRÉVUS AILLEURS (freins emmagasinant de l'énergie;protection de la voie contre les agents atmosphériques;nettoyage des rails, chasse-neige)
B61L	CONTRÔLE DU TRAFIC FERROVIAIRE; SÉCURITÉ DU TRAFIC FERROVIAIRE (freins ou équipements auxiliaires;structures des aiguillages)
B62B	VÉHICULES PROPULSÉS À LA MAIN, p.ex. VOITURES À BRAS OU VOITURES D'ENFANTS; TRAÎNEAUX (caractérisés par la propulsion animale;propulsion des traîneaux par le conducteur ou par un moteur)
B62C	VÉHICULES À TRACTION ANIMALE
B62D	VÉHICULES À MOTEURS; REMORQUES (direction ou guidage des machines ou des instruments agricoles selon un parcours déterminé;roues, roues à pivot, roulettes, essieux, amélioration de l'adhérence des roues;pneumatiques pour véhicules, gonflage des pneumatiques, changement des pneumatiques;liaisons entre véhicules d'un même train ou d'un ensemble similaire;véhicules rail-route, véhicules amphibies ou transformables;aménagements pour la suspension;chauffage, refroidissement, ventilation ou autres dispositifs de traitement de l'air;fenêtres, pare-brise, toits amovibles, portes ou dispositifs similaires, équipements de protection pour véhicules non en service;aménagements des ensembles de propulsion, entraînements auxiliaires, transmissions, disposition des instruments ou tableaux de bord;équipement électrique ou propulsion des véhicules à traction électrique;alimentation en énergie électrique pour véhicules à traction électrique;aménagements pour passagers non prévus ailleurs;véhicules adaptés au transport des charges ou pour porter des charges ou objets spéciaux;agencement des dispositifs de signalisation ou d' éclairage, leur montage ou leur support, les circuits à cet effet, pour les véhicules en général;véhicules, équipements ou parties de véhicules, non prévus ailleurs;entretien, nettoyage, réparation, levage ou manœuvre, non prévus ailleurs;freins, systèmes de commande des freins ou parties de ces systèmes;véhicules à coussin d'air;cycles à moteur, leurs accessoires;test des véhicules)
B62H	BÉQUILLES DE CYCLES; SUPPORTS OU FIXATIONS POUR LE PARQUAGE OU L'EMMAGASINAGE DES CYCLES; DISPOSITIFS INTERDISANT OU SIGNALANT L'USAGE NON AUTORISÉ OU LE VOL DES CYCLES; SYSTÈMES DE VERROUILLAGE FAISANT CORPS AVEC LES CYCLES (ANTIVOLS); DISPOSITIFS POUR APPRENDRE À CONDUIRE LES CYCLES
B62J	SELLES OU SIÈGES POUR CYCLES; APPAREILS AUXILIAIRES OU ACCESSOIRES SPÉCIALEMENT ADAPTÉS AUX CYCLES NON PRÉVUS AILLEURS, p.ex. PORTE-BAGAGES OU GARDE-BOUE
B62K	CYCLES; CADRES POUR CYCLES; DISPOSITIFS DE DIRECTION; COMMANDES ACTIONNÉES PAR LE CONDUCTEUR SPÉCIALEMENT ADAPTÉES AUX CYCLES; SUSPENSION DES MOYEUX DE CYCLES; SIDE-CARS, REMORQUES-AVANT OU VÉHICULES ADDITIONNELS SIMILAIRES POUR CYCLES
B62L	FREINS SPÉCIALEMENT ADAPTÉS AUX CYCLES
B62M	PROPULSION PAR LE CONDUCTEUR DES VÉHICULES À ROUES OU DES TRAÎNEAUX; PROPULSION PAR MOTEUR DES TRAÎNEAUX OU DES CYCLES; TRANSMISSIONS SPÉCIALEMENT ADAPTÉES À CES VÉHICULES (aménagements ou montage des transmissions de véhicules en général;éléments de transmission en soi)
B63B	NAVIRES OU AUTRES EMBARCATIONS FLOTTANTES; MATÉRIEL D'ARMEMENT (aménagements relatifs à la ventilation, au chauffage, à la réfrigération ou au conditionnement de l'air dans les navires;infrastructures flottantes en tant que support de dragues ou d'engins de terrassement)
B63C	LANCEMENT, HALAGE AU SEC, MISE EN CALE SÈCHE, OU RENFLOUEMENT DES NAVIRES; SAUVETAGE EN MER; ÉQUIPEMENTS POUR SÉJOURNER OU TRAVAILLER SOUS L'EAU; MOYENS DE RENFLOUEMENT OU DE RECHERCHE D'OBJETS IMMERGÉS (filets flottants, slips d'amerrissage flottants ou dispositifs analogues pour la récupération hors de l'eau des aéronefs)
B63G	INSTALLATIONS OFFENSIVES OU DÉFENSIVES SUR LES NAVIRES; MOUILLAGE DES MINES; DRAGAGE DES MINES; SOUS-MARINS; PORTE-AVIONS (moyens d'attaque ou de défense en général, p.ex. des tourelles,)
B63H	PROPULSION OU GOUVERNE MARINES (propulsion des véhicules à coussin d'air;spécialement adaptées aux sous-marins à l'exclusion de la propulsion nucléaire;spécialement adaptées aux torpilles)
B63J	AUXILIAIRES DES NAVIRES
B64B	AÉRONEFS PLUS LÉGERS QUE L'AIR (installations au sol pour l'aviation en général)
B64C	AÉROPLANES; HÉLICOPTÈRES (véhicules à coussin d'air)
B64D	INSTALLATIONS OU ÉQUIPEMENTS À BORD DES AÉRONEFS; COMBINAISONS DE VOL; PARACHUTES; INSTALLATIONS OU AMÉNAGEMENTS DES ENSEMBLES MOTEURS OU DES TRANSMISSIONS DE LA PROPULSION À BORD DES AÉRONEFS
B64F	INSTALLATIONS AU SOL OU INSTALLATIONS POUR PONTS D'ENVOL DES PORTE-AVIONS SPÉCIALEMENT ADAPTÉES À L'UTILISATION EN LIAISON AVEC LES AÉRONEFS; TRACÉ, FABRICATION, ASSEMBLAGE, NETTOYAGE, ENTRETIEN OU RÉPARATION DES AÉRONEFS, NON PRÉVUS AILLEURS; MANIPULATION, TRANSPORT, TEST OU INSPECTION DE COMPOSANTS D’AÉRONEFS, NON PRÉVUS AILLEURS
B64G	ASTRONAUTIQUE; VÉHICULES OU ÉQUIPEMENTS À CET EFFET (appareils ou méthodes pour extraire des matériaux de sources extra-terrestres)
B65B	MACHINES, APPAREILS, DISPOSITIFS OU PROCÉDÉS D'EMBALLAGE D'OBJETS OU DE MATÉRIAUX; DÉBALLAGE D'OBJETS (mise en paquets et pressage des cigares;dispositifs pour tendre et fixer des attaches adaptées pour être supportées par l'objet ou les objets à lier ensemble;mise en place des fermetures sur les bouteilles, bocaux ou récipients analogues-;opérations combinées de lavage, remplissage et fermeture des bouteilles;vidage des bouteilles, bocaux, bidons, fûts, barriques ou récipients analogues)
B65C	MACHINES, APPAREILS OU PROCÉDÉS D'ÉTIQUETAGE (clouage ou agrafage en général;procédés pour appliquer des décalcomanies;application d'étiquettes pour l'emballage;étiquettes, plaques d'identification)
B65D	RÉCEPTACLES POUR L'EMMAGASINAGE OU LE TRANSPORT D'OBJETS OU DE MATÉRIAUX, p.ex. SACS, TONNEAUX, BOUTEILLES, BOÎTES, BIDONS, CAISSES, BOCAUX, RÉSERVOIRS, TRÉMIES OU CONTENEURS D'EXPÉDITION; ACCESSOIRES OU FERMETURES POUR CES RÉCEPTACLES; ÉLÉMENTS D'EMBALLAGE; PAQUETS
B65F	MISE EN TAS OU ENLÈVEMENT DES ORDURES MÉNAGÈRES OU DÉTRITUS SIMILAIRES (désinfection des ordures;désintégrateurs à ordures;tri des ordures;voitures à bras pour le transport des récipients à ordures;supports de sacs;transformation des ordures en engrais;transformation des ordures en combustibles solides;égouts, fosses;dispositions dans les bâtiments pour évacuer les ordures;fonts à brûler les ordures)
B65G	DISPOSITIFS DE TRANSPORT OU D'EMMAGASINAGE, p.ex. TRANSPORTEURS POUR CHARGEMENT OU BASCULEMENT, SYSTÈMES TRANSPORTEURS POUR MAGASINS OU TRANSPORTEURS PNEUMATIQUES À TUBES (emballage;manipulation des matériaux de forme plate ou filiforme, p.ex. des feuilles de papier ou fils de textile ;ponts roulants, portiques ou grues;appareils de levage ou de traction portatifs ou mobiles, p.ex. moufles, ;dispositifs pour lever ou descendre des marchandises aux fins de chargement ou de déchargement, p.ex. chariots élévateurs à fourche,; vidage des bouteilles, bocaux, bidons, fûts ou barriques ou récipients analogues, non prévu ailleurs,;débit ou transfert de liquides;remplissage ou vidage de récipients pour gaz liquéfiés, solidifiés ou comprimés;systèmes de canalisation pour les fluides)
B65H	MANIPULATION DES MATÉRIAUX DE FORME PLATE OU FILIFORME, p.ex. DES FEUILLES, BANDES, CÂBLES
B66B	ASCENSEURS; ESCALIERS OU TROTTOIRS ROULANTS (dispositifs de sauvetage pour faire descendre les personnes hors des bâtiments ou similaires en faisant usage de cages, sacs ou de dispositifs similaires ;appareillage pour la manutention du fret ou pour faciliter l'embarquement des passagers à bord des aéronefs;dispositifs de freinage ou de détente caractérisés par leur application aux mécanismes de levage ou de hissage)
B66C	PONTS ROULANTS, PORTIQUES OU GRUES; ÉLÉMENTS OU DISPOSITIFS DE PRISE DE CHARGE POUR PONTS ROULANTS, PORTIQUES OU GRUES, CABESTANS, TREUILS OU AGRÈS (mécanismes d'enroulement à corde, à câble ou à chaîne, dispositifs de freinage ou de détente à leur usage;spécialement adaptés pour les réacteurs nucléaires)
B66D	CABESTANS; TREUILS; AGRÈS, p.ex. PALANS; MOUFLES (enroulement ou déroulement des filins ou des câbles aux fins d'alimentation ou de stockage;mécanismes d'enroulement ou de déroulement des filins ou des câbles pour ascenseurs;dispositifs de levage spécialement adaptés aux échafaudages suspendus)
B66F	HISSAGE, LEVAGE, HALAGE OU POUSSAGE, NON PRÉVUS AILLEURS, p.ex. DISPOSITIFS DONT LA FORCE DE LEVAGE OU DE POUSSÉE AGIT DIRECTEMENT SUR LA SURFACE DE LA CHARGE (montage des îles artificielles sur pilotis ou supports similaires;échafaudages combinés à des dispositifs de levage;dispositifs de levage pour coffrages glissants;levage des édifices;étais ou entretoises;élévateurs ou autres dispositifs de levage sur échelles;étançons de mines)
B67B	MISE EN PLACE DES FERMETURES SUR LES BOUTEILLES, BOCAUX OU RÉCIPIENTS ANALOGUES; OUVERTURE DES RÉCIPIENTS CLOS (dispositifs d'ouverture ou de fermeture fixés ou incorporés aux récipients ou à leurs systèmes de fermeture)
B67C	REMPLISSAGE AVEC DES LIQUIDES OU DES SEMI-LIQUIDES, OU VIDAGE DES BOUTEILLES, BOCAUX, BIDONS, FÛTS, BARRIQUES OU RÉCIPIENTS ANALOGUES, NON PRÉVUS AILLEURS; ENTONNOIRS
B67D	DISTRIBUTION, DÉBIT OU TRANSFERT DE LIQUIDES, NON PRÉVUS AILLEURS (nettoyage de conduites ou de tubes ou de systèmes de conduites ou de tubes;vidage ou remplissage des bouteilles, bocaux, bidons, fûts ou barriques ou récipients analogues, non prévu ailleurs;adduction d'eau;systèmes de canalisation;systèmes d'alimentation en eau chaude domestique;mesure des volumes, des débits volumétriques, des débits massiques ou du niveau des liquides, comptage volumétrique;appareils déclenchés par pièces de monnaie)
B68B	HARNAIS; DISPOSITIFS UTILISÉS AVEC CES HARNAIS; FOUETS OU OBJETS ANALOGUES
B68C	SELLES; ÉTRIERS
B68F	FABRICATION D'ARTICLES EN CUIR, TOILE À VOILE OU MATÉRIAU ANALOGUE
B68G	PROCÉDÉS, ÉQUIPEMENT OU MACHINES, EMPLOYÉS POUR LE CAPITONNAGE; CAPITONNAGE NON PRÉVU AILLEURS
B81B	DISPOSITIFS OU SYSTÈMES À MICROSTRUCTURE, p.ex. DISPOSITIFS MICROMÉCANIQUES (éléments piézo-électriques, électrostrictifs ou magnétostrictifs en soi)
B81C	PROCÉDÉS OU APPAREILS SPÉCIALEMENT ADAPTÉS À LA FABRICATION OU AU TRAITEMENT DE DISPOSITIFS OU DE SYSTÈMES À MICROSTRUCTURE (fabrication de microcapsules ou de microbilles;procédés ou appareils spécialement adaptés à la fabrication ou au traitement d'éléments piézo-électriques, électrostrictifs ou magnétostrictifs en soi)
B82B	NANOSTRUCTURES FORMÉES PAR MANIPULATION D’ATOMES, DE MOLÉCULES OU D’ENSEMBLES LIMITÉS D’ATOMES OU DE MOLÉCULES UN À UN COMME DES UNITÉS INDIVIDUELLES; LEUR FABRICATION OU LEUR TRAITEMENT
B82Y	UTILISATION OU APPLICATIONS SPÉCIFIQUES DES NANOSTRUCTURES; MESURE OU ANALYSE DES NANOSTRUCTURES; FABRICATION OU TRAITEMENT DES NANOSTRUCTURES
B99Z	MATIÈRE NON PRÉVUE AILLEURS DANS LA PRÉSENTE SECTION
C01B	ÉLÉMENTS NON MÉTALLIQUES; LEURS COMPOSÉS (procédés de fermentation ou procédés utilisant des enzymes pour la préparation d'éléments ou de composés inorganiques à l'exception du dioxyde de carbone;production d'éléments non métalliques ou de composés inorganiques par électrolyse ou électrophorèse)
C01C	AMMONIAC; CYANOGÈNE; LEURS COMPOSÉS (sels d'oxyacides d'halogènes;peroxydes, sels de peroxyacides;thiosulfates, dithionites, polythionates;composés du sélénium ou du tellure;azotures;amidures métalliques;nitrites;phosphures;sels des oxyacides du phosphore;composés contenant du silicium;composés contenant du bore;procédés de fermentation ou procédés utilisant des enzymes pour la préparation d'éléments ou de composés inorganiques à l'exception du dioxyde de carbone;production d'éléments non métalliques ou de composés inorganiques par électrolyse ou électrophorèse)
C01D	COMPOSÉS DES MÉTAUX ALCALINS, c. à d. DU LITHIUM, DU SODIUM, DU POTASSIUM, DU RUBIDIUM, DU CÉSIUM OU DU FRANCIUM (hydrures métalliques;sels d'oxyacides d'halogènes;peroxydes, sels de peroxyacides;sulfures ou polysulfures;thiosulfates, dithionites, polythionates;composés contenant du sélénium ou du tellure;composés binaires de l'azote avec des métaux;azotures;amidures;nitrites;phosphures;sels d'oxyacides du phosphore;carbures;composés contenant du silicium;composés contenant du bore;cyanures;sels de l'acide cyanique;sels de cyanamide;thiocyanates;procédés de fermentation ou procédés utilisant des enzymes pour la préparation d'éléments ou de composés inorganiques à l'exception du dioxyde de carbone;obtention à partir de mélanges, p.ex. à partir de minerais, de composés métalliques qui sont les composés intermédiaires d'un procédé métallurgique pour l'obtention d'un métal libre;production d'éléments non métalliques ou de composés inorganiques par électrolyse ou électrophorèse)
C01F	COMPOSÉS DE BÉRYLLIUM, MAGNÉSIUM, ALUMINIUM, CALCIUM, STRONTIUM, BARYUM, RADIUM, THORIUM OU COMPOSÉS DES MÉTAUX DES TERRES RARES (hydrures métalliques;sels d'oxyacides d'halogènes;peroxydes, sels de peroxyacides;sulfures ou polysulfures de magnésium, calcium, strontium ou baryum;thiosulfates, dithionites, polythionates;composés contenant du sélénium ou du tellure;composés binaires de l'azote avec des métaux;azotures;amidures;nitrites;phosphures;sels d'oxyacides du phosphore;carbures;composés contenant du silicium;composés contenant du bore;composés ayant des propriétés de tamis moléculaires mais n'ayant pas de propriétés d'échangeurs de base;composés ayant des propriétés de tamis moléculaires et d'échangeurs de base, p.ex. zéolites cristallines,;cyanures;sels de l'acide cyanique;sels de cyanamide;thiocyanates;procédés de fermentation ou procédés utilisant des enzymes pour la préparation d'éléments ou de composés inorganiques à l'exception du dioxyde de carbone;obtention à partir de mélanges, p.ex. à partir de minerais, de composés métalliques qui sont les composés intermédiaires d'un procédé métallurgique pour l'obtention d'un métal libre;production d'éléments non métalliques ou de composés inorganiques par électrolyse ou électrophorèse)
C01G	COMPOSÉS CONTENANT DES MÉTAUX NON COUVERTS PAR LES SOUS-CLASSESOU(hydrures métalliques;sels d'oxyacides d'halogènes;peroxydes, sels de peroxyacides;thiosulfates, dithionites, polythionates;composés contenant du sélénium ou du tellure;composés binaires de l'azote avec des métaux;azotures;amidures;nitrites;phosphures;sels d'oxyacides du phosphore;carbures;composés contenant du silicium;composés contenant du bore;composés ayant des propriétés de tamis moléculaires mais n'ayant pas de propriétés d'échangeurs de base;composés ayant des propriétés de tamis moléculaires et d'échangeurs de base, p.ex. zéolites cristallines,;cyanures;sels de l'acide cyanique;sels de cyanamide;thiocyanates;procédés de fermentation ou procédés utilisant des enzymes pour la préparation d'éléments ou de composés inorganiques à l'exception du dioxyde de carbone;obtention à partir de mélanges, p.ex. à partir de minerais, de composés métalliques qui sont les composés intermédiaires d'un procédé métallurgique pour l'obtention d'un métal libre;production d'éléments non métalliques ou de composés inorganiques par électrolyse ou électrophorèse)
C02F	TRAITEMENT DE L'EAU, DES EAUX RÉSIDUAIRES, DES EAUX OU BOUES D'ÉGOUT (procédés pour rendre les substances chimiques nuisibles inoffensives ou moins nuisibles en effectuant un changement chimique dans les substances;séparation, réservoirs de décantation ou dispositifs de filtration  ;aménagements relatifs aux installations pour le traitement de l'eau, des eaux usées ou des eaux d'égout sur les navires, p.ex. pour produire de l'eau douce,;addition à l'eau de substances pour empêcher la corrosion;traitement des liquides contaminés par la radioactivité)
C03B	FABRICATION OU FAÇONNAGE DU VERRE, DE LA LAINE MINÉRALE OU DE SCORIES;  TRAITEMENTS ADDITIONNELS DANS LA FABRICATION OU LE FAÇONNAGE DU VERRE, DE LA LAINE MINÉRALE OU DE SCORIES (traitement de surface)
C03C	COMPOSITION CHIMIQUE DES VERRES, GLAÇURES OU ÉMAUX VITREUX; TRAITEMENT DE LA SURFACE DU VERRE; TRAITEMENT DE SURFACE DES FIBRES OU DES FILAMENTS DE VERRE, DE SUBSTANCES MINÉRALES OU DE SCORIES; LIAISON DU VERRE AU VERRE OU À D'AUTRES MATÉRIAUX
C04B	CHAUX; MAGNÉSIE; SCORIES; CIMENTS; LEURS COMPOSITIONS, p.ex. MORTIERS, BÉTON OU MATÉRIAUX DE CONSTRUCTION SIMILAIRES; PIERRE ARTIFICIELLE; CÉRAMIQUES (vitrocéramiques dévitrifiées); RÉFRACTAIRES (alliages à base de métaux réfractaires); TRAITEMENT DE LA PIERRE NATURELLE
C05B	ENGRAIS PHOSPHATÉS
C05C	ENGRAIS AZOTÉS
C05D	ENGRAIS INORGANIQUES NON COUVERTS PAR LES SOUS-CLASSES; ENGRAIS DÉGAGEANT DU GAZ CARBONIQUE
C05F	ENGRAIS ORGANIQUES NON COUVERTS PAR LES SOUS-CLASSES p.ex. ENGRAIS RÉSULTANT DU TRAITEMENT DES IMMONDICES
C05G	MÉLANGES D'ENGRAIS COUVERTS INDIVIDUELLEMENT PAR DIFFÉRENTES SOUS-CLASSES DE LA CLASSE; MÉLANGES D'UN OU PLUSIEURS ENGRAIS AVEC DES ADDITIFS N'AYANT PAS UNE ACTIVITÉ SPÉCIFIQUE D'ENGRAIS (engrais organiques comportant l'addition de cultures bactériennes, de mycélium ou similaires;engrais organiques contenant des vitamines ou des hormones végétales); ENGRAIS CARACTÉRISÉS PAR LEUR FORME
C06B	COMPOSITIONS EXPLOSIVES OU THERMIQUES (sautage); LEUR FABRICATION; EMPLOI D'UNE SUBSTANCE, UTILISÉE SEULE, COMME EXPLOSIF
C06C	DISPOSITIFS DÉTONANTS OU D'AMORÇAGE; CORDEAUX OU MÈCHES; ALLUMEURS CHIMIQUES; COMPOSITIONS PYROPHORIQUES
C06D	MOYENS POUR PRODUIRE DE LA FUMÉE OU DU BROUILLARD; COMPOSITIONS POUR GAZ DE COMBAT; PRODUCTION DE GAZ POUR LE SAUTAGE OU LA PROPULSION (PARTIE CHIMIQUE)
C06F	ALLUMETTES; FABRICATION DES ALLUMETTES
C07B	PROCÉDÉS GÉNÉRAUX DE CHIMIE ORGANIQUE; APPAREILS À CET EFFET (préparation d'esters d'acides carboxyliques par télomérisation;procédés de préparation de composés macromoléculaires, p.ex. télomérisation)
C07C	COMPOSÉS ACYCLIQUES OU CARBOCYCLIQUES (composés macromoléculaires;production de composés organiques par électrolyse ou électrophorèse)
C07D	COMPOSÉS HÉTÉROCYCLIQUES (composés macromoléculaires)
C07F	COMPOSÉS ACYCLIQUES, CARBOCYCLIQUES OU HÉTÉROCYCLIQUES CONTENANT DES ÉLÉMENTS AUTRES QUE LE CARBONE, L'HYDROGÈNE, LES HALOGÈNES, L'OXYGÈNE, L'AZOTE, LE SOUFRE, LE SÉLÉNIUM OU LE TELLURE (porphyrines contenant des métaux; composés macromoléculaires)
C07G	COMPOSÉS DE CONSTITUTION INDÉTERMINÉE (graisses, huiles ou cires sulfonées de constitution non déterminée)
C07H	SUCRES; LEURS DÉRIVÉS; NUCLÉOSIDES; NUCLÉOTIDES; ACIDES NUCLÉIQUES (dérivés des acides aldoniques ou sacchariques;acides aldoniques, acides sacchariques;cyanohydrines;glycals;composés de constitution indéterminée;polysaccharides, leurs dérivés;ADN ou ARN concernant le génie génétique, vecteurs, p.ex. plasmides, ou leur isolement, leur préparation ou leur purification;industrie du sucre)
C07J	STÉROÏDES (séco-stéroïdes)
C07K	PEPTIDES (peptides contenant des cycles bêta-lactame;dipeptides cycliques ne comportant dans leur molécule aucune autre liaison peptidique que celles qui forment leur cycle, p.ex. piperazine diones-2,5,;alcaloïdes de l'ergot de seigle du type peptide cyclique; protéines monocellulaires, enzymes;procédés pour l'obtention de peptides par génie génétique)
C08B	POLYSACCHARIDES; LEURS DÉRIVÉS (polysaccharides contenant moins de six radicaux saccharides reliés entre eux par des liaisons glucosidiques;procédés de fermentation ou procédés utilisant des enzymes; production de la cellulose)
C08C	TRAITEMENT OU MODIFICATION CHIMIQUE DES CAOUTCHOUCS
C08F	COMPOSÉS MACROMOLÉCULAIRES OBTENUS PAR DES RÉACTIONS FAISANT INTERVENIR UNIQUEMENT DES LIAISONS NON SATURÉES CARBONE-CARBONE (production de mélanges d'hydrocarbures liquides à partir d'hydrocarbures à nombre réduit d'atomes de carbone, p.ex. par oligomérisation,; procédés de fermentation ou procédés utilisant des enzymes pour la synthèse d'un composé chimique donné ou d'une composition donnée, ou pour la séparation d'isomères optiques à partir d'un mélange racémique;polymérisation par greffage de monomères contenant des liaisons non saturées carbone-carbone sur des fibres, fils, filés, tissus ou articles fibreux faits de ces matières)
C08G	COMPOSÉS MACROMOLÉCULAIRES OBTENUS PAR DES RÉACTIONS AUTRES QUE CELLES FAISANT INTERVENIR UNIQUEMENT DES LIAISONS NON SATURÉES CARBONE-CARBONE (procédés de fermentation ou procédés utilisant des enzymes pour la synthèse d'un composé chimique donné ou d'une composition donnée, ou pour la séparation d'isomères optiques à partir d'un mélange racémique)
C08H	DÉRIVÉS DE COMPOSÉS MACROMOLÉCULAIRES NATURELS (polysaccharides;caoutchouc naturel;résines naturelles ou leurs dérivés;traitement du brai, de l'asphalte ou du bitume)
C08J	MISE EN ŒUVRE; PROCÉDÉS GÉNÉRAUX POUR FORMER DES MÉLANGES; POST-TRAITEMENT NON COUVERT PAR LES SOUS-CLASSES ou(travail, p.ex. façonnage, des matières plastiques)
C08K	EMPLOI COMME ADJUVANTS DE SUBSTANCES NON MACROMOLÉCULAIRES INORGANIQUES OU ORGANIQUES (peintures, encres, vernis, matières colorantes, produits à polir, adhésifs)
C08L	COMPOSITIONS CONTENANT DES COMPOSÉS MACROMOLÉCULAIRES (compositions à base de monomères polymérisables;fibres ou filaments artificiels;compositions pour le traitement des textiles)
C09B	COLORANTS ORGANIQUES OU COMPOSÉS ÉTROITEMENT APPARENTÉS POUR PRODUIRE DES COLORANTS; MORDANTS; LAQUES (procédés de fermentation ou procédés utilisant des enzymes pour la synthèse d'un composé donné)
C09C	TRAITEMENT DE SUBSTANCES INORGANIQUES, AUTRES QUE DES CHARGES FIBREUSES, POUR AMÉLIORER LEURS PROPRIÉTÉS DE PIGMENTATION OU DE CHARGE (préparation des composés inorganiques ou des éléments non métalliques;traitement de matières spécialement prévu pour renforcer leurs propriétés de charge, dans des mortiers, du béton ou de la pierre artificielle); PRÉPARATION DU NOIR DE CARBONE
C09D	COMPOSITIONS DE REVÊTEMENT, p.ex. PEINTURES, VERNIS OU VERNIS-LAQUES; APPRÊTS EN PÂTE; PRODUITS CHIMIQUES POUR ENLEVER LA PEINTURE OU L'ENCRE; ENCRES; CORRECTEURS LIQUIDES; COLORANTS POUR BOIS; PRODUITS SOLIDES OU PÂTEUX POUR COLORIAGE OU IMPRESSION; EMPLOI DE MATÉRIAUX À CET EFFET (cosmétiques;procédés pour appliquer des liquides ou d'autres matériaux fluides aux surfaces, en général,;coloration du bois;glaçures ou émaux vitreux;résines naturelles, vernis à l'alcool, huiles siccatives, sécheurs, térébenthine, en soi;compositions de produits à polir autres que le vernis à l'alcool, farts;adhésifs ou emploi de matériaux comme adhésifs;matériaux pour sceller ou étouper des joints ou des couvercles; matériaux pour arrêter les fuites; procédés pour la préparation électrolytique ou électrophorétique de revêtements)
C09F	RÉSINES NATURELLES; VERNIS À L'ALCOOL; HUILES SICCATIVES; SÉCHEURS (SICCATIFS); TÉRÉBENTHINE
C09G	COMPOSITIONS DE PRODUITS À POLIR (vernis à l'alcool); FARTS
C09H	PRÉPARATION DE LA COLLE FORTE OU DE LA GÉLATINE
C09J	ADHÉSIFS; ASPECTS NON MÉCANIQUES DES PROCÉDÉS DE COLLAGE EN GÉNÉRAL; PROCÉDÉS DE COLLAGE NON PRÉVUS AILLEURS; EMPLOI DE MATÉRIAUX COMME ADHÉSIFS (préparation de la colle forte ou de la gélatine)
C09K	SUBSTANCES POUR DES APPLICATIONS NON PRÉVUES AILLEURS; APPLICATIONS DE SUBSTANCES NON PRÉVUES AILLEURS
C10B	DISTILLATION DESTRUCTIVE DES MATIÈRES CARBONÉES EN VUE DE LA PRODUCTION DE GAZ, COKE, GOUDRON OU MATIÈRES ANALOGUES (craquage des huiles;gazéification souterraine de matières minérales)
C10C	TRAITEMENT DU GOUDRON, DU BRAI, DE L'ASPHALTE, DU BITUME; ACIDE PYROLIGNEUX
C10F	SÉCHAGE OU TRAITEMENT DE LA TOURBE
C10G	CRAQUAGE DES HUILES D'HYDROCARBURES; PRODUCTION DE MÉLANGES D'HYDROCARBURES LIQUIDES, p.ex. PAR HYDROGÉNATION DESTRUCTIVE, PAR OLIGOMÉRISATION, PAR POLYMÉRISATION (craquage donnant de l'hydrogène ou du gaz de synthèse;craquage ou pyrolyse d'hydrocarbures gazeux donnant des hydrocarbures individuels ou leurs mélanges de composition définie ou spécifiée;craquage donnant des cokes); RÉCUPÉRATION DES HUILES D'HYDROCARBURES À PARTIR DE SCHISTE BITUMEUX, DE SABLE PÉTROLIFÈRE OU DE GAZ; RAFFINAGE DES MÉLANGES COMPOSÉS PRINCIPALEMENT D'HYDROCARBURES; RÉFORMAGE DE L'ESSENCE "NAPHTA"; CIRES MINÉRALES
C10H	PRODUCTION DE L'ACÉTYLÈNE PAR VOIE HUMIDE
C10J	PRODUCTION DE GAZ CONTENANT DE L’OXYDE DE CARBONE ET DE L'HYDROGÈNE À PARTIR DE MATIÈRES CARBONÉES SOLIDES PAR DES PROCÉDÉS D’OXYDATION PARTIELLE FAISANT INTERVENIR DE L'OXYGÈNE OU DE LA VAPEUR (gazéification souterraine de matières minérales); CARBURATION DE L'AIR OU D'AUTRES GAZ
C10K	PURIFICATION OU MODIFICATION DE LA COMPOSITION CHIMIQUE DES GAZ COMBUSTIBLES CONTENANT DE L'OXYDE DE CARBONE
C10L	COMBUSTIBLES NON PRÉVUS AILLEURS; GAZ NATUREL; GAZ NATUREL DE SYNTHÈSE OBTENU PAR DES PROCÉDÉS NON PRÉVUS DANS LES SOUS-CLASSES OU  ; GAZ DE PÉTROLE LIQUÉFIÉ; UTILISATION D’ADDITIFS DANS LES COMBUSTIBLES OU LES FEUX; ALLUME-FEUX
C10M	COMPOSITIONS LUBRIFIANTES (compositions pour le forage des puits); UTILISATION DE SUBSTANCES CHIMIQUES SOIT SEULES SOIT COMME INGRÉDIENTS LUBRIFIANTS DANS UNE COMPOSITION LUBRIFIANTE (agents de démoulage, c. à d. de séparation, pour métaux pour matières plastiques ou pour substances à l'état plastique, en général pour le verre;compositions lubrifiantes pour les textiles;huiles d'immersion pour la microscopie)
C10N	SCHÉMA D'INDEXATION ASSOCIÉ À LA SOUS-CLASSE
C11B	PRODUCTION, p.ex. PAR PRESSAGE DE MATIÈRES PREMIÈRES OU PAR EXTRACTION À PARTIR DE RÉSIDUS, RAFFINAGE OU CONSERVATION DES GRAISSES, DES MATIÈRES GRASSES, p.ex. LANOLINE, DES HUILES OU DES CIRES; HUILES ESSENTIELLES; PARFUMS (huiles siccatives)
C11C	ACIDES GRAS OBTENUS AVEC DES GRAISSES, HUILES OU CIRES; BOUGIES; GRAISSES, HUILES OU ACIDES GRAS OBTENUS PAR TRANSFORMATION CHIMIQUE DES GRAISSES, HUILES OU ACIDES GRAS
C11D	COMPOSITIONS DÉTERGENTES; EMPLOI D'UNE SUBSTANCE, UTILISÉE SEULE, COMME DÉTERGENT; SAVON OU FABRICATION DU SAVON; SAVONS DE RÉSINE; RÉCUPÉRATION DE LA GLYCÉRINE
C12C	BIÈRE; PRÉPARATION DE LA BIÈRE PAR FERMENTATION (vieillissement ou mûrissage par emmagasinage;procédés de réduction de la teneur en alcool après fermentation;procédés d’accroissement de la teneur en alcool après fermentation;dispositifs de ventilation pour fûts, barriques ou similaires); PRÉPARATION DU MALT POUR LA FABRICATION DE LA BIÈRE; PRÉPARATION DU HOUBLON POUR LA FABRICATION DE LA BIÈRE
C12F	RÉCUPÉRATION DES SOUS-PRODUITS DES SOLUTIONS FERMENTÉES (enlèvement de la levure du vin ou du vin mousseux); ALCOOL DÉNATURÉ; SA PRÉPARATION
C12G	VIN; SA PRÉPARATION; BOISSONS ALCOOLISÉES (bière); PRÉPARATION DE BOISSONS ALCOOLISÉES NON PRÉVUE DANS LES SOUS-CLASSESOU
C12H	PASTEURISATION, STÉRILISATION, CONSERVATION, PURIFICATION, CLARIFICATION OU VIEILLISSEMENT DES BOISSONS ALCOOLISÉES;  PROCÉDÉS DE MODIFICATION DE LA TENEUR EN ALCOOL DES SOLUTIONS FERMENTÉES OU DES BOISSONS ALCOOLISÉES (désacidification du vin;prévention de la précipitation du tartre;simulation du vieillissement par aromatisation)
C12J	VINAIGRE; SA PRÉPARATION OU SA PURIFICATION
C12L	MACHINES À POISSER OU À DÉPOISSER; OUTILLAGE DE CAVE
C12M	APPAREILLAGE POUR L'ENZYMOLOGIE OU LA MICROBIOLOGIE (installations pour la fermentation des engrais de ferme;conservation de parties vivantes des corps humains ou animaux;appareils de brasserie;appareillages de fermentation du vin;appareillage pour préparer le vinaigre)
C12N	MICRO-ORGANISMES OU ENZYMES; COMPOSITIONS LES CONTENANT; CULTURE OU CONSERVATION DE MICRO-ORGANISMES; TECHNIQUES DE MUTATION OU DE GÉNÉTIQUE; MILIEUX DE CULTURE (milieux pour tests microbiologiques)
C12P	PROCÉDÉS DE FERMENTATION OU PROCÉDÉS UTILISANT DES ENZYMES POUR LA SYNTHÈSE D'UN COMPOSÉ CHIMIQUE DONNÉ OU D'UNE COMPOSITION DONNÉE, OU POUR LA SÉPARATION D'ISOMÈRES OPTIQUES À PARTIR D'UN MÉLANGE RACÉMIQUE
C12Q	PROCÉDÉS DE MESURE OU DE TEST  FAISANT INTERVENIR DES ENZYMES, DES ACIDES NUCLÉIQUES OU DES MICRO-ORGANISMES (tests immunologiques); COMPOSITIONS OU PAPIERS RÉACTIFS À CET EFFET; PROCÉDÉS POUR PRÉPARER CES COMPOSITIONS; PROCÉDÉS DE COMMANDE SENSIBLES AUX CONDITIONS DU MILIEU DANS LES PROCÉDÉS MICROBIOLOGIQUES OU ENZYMOLOGIQUES
C12R	SCHÉMA D'INDEXATION ASSOCIÉ AUX SOUS-CLASSES- RELATIF AUX MICRO-ORGANISMES
C13B	PRODUCTION DE SACCHAROSE; APPAREILS SPÉCIALEMENT ADAPTÉS À LA PRODUCTION DE SACCHAROSE (sucres ou dérivés de sucres obtenus par synthèse chimique;fermentation ou procédés utilisant des enzymes pour préparer des composés contenant des radicaux saccharide)
C13K	SACCHARIDES OBTENUS À PARTIR DE SOURCES NATURELLES OU PAR HYDROLYSE DE DISACCHARIDES, OLIGOSACCHARIDES OU POLYSACCHARIDES PRÉSENTS DANS LA NATURE (production de saccharose;sucres ou dérivés de sucres obtenus par synthèse chimique;polysaccharides, p.ex. amidon, leurs dérivés;malt;fermentation ou procédés utilisant des enzymes pour préparer des composés contenant des radicaux saccharide)
C14B	TRAITEMENTS OU TRANSFORMATIONS MÉCANIQUES DES PEAUX OU DU CUIR EN GÉNÉRAL; TONDEUSES POUR FOURRURES; MACHINES À REFENDRE LES BOYAUX (nettoyage mécanique des peaux ou analogue)
C14C	TRAITEMENT DES PEAUX OU CUIRS AVEC DES PRODUITS CHIMIQUES, DES ENZYMES OU DES MICRO-ORGANISMES, p.ex. TANNAGE, IMPRÉGNATION OU FINITION; APPAREILLAGE À CET EFFET; COMPOSITIONS DE TANNAGE (blanchiment du cuir ou des fourrures;teinture du cuir ou des fourrures)
C21B	FABRICATION DU FER OU DE L'ACIER (traitement préliminaire de minerais de fer ou de ferraille)
C21C	TRAITEMENT DE LA FONTE BRUTE, p.ex. AFFINAGE, FABRICATION DE FER OU D'ACIER PUDDLÉS; TRAITEMENT DES ALLIAGES FERREUX À L'ÉTAT LIQUIDE
C21D	MODIFICATION DE LA STRUCTURE PHYSIQUE DES MÉTAUX FERREUX; DISPOSITIFS GÉNÉRAUX POUR LE TRAITEMENT THERMIQUE DES MÉTAUX FERREUX OU NON FERREUX, OU DES ALLIAGES; PROCÉDÉS POUR RENDRE LE MÉTAL MALLÉABLE, p.ex. PAR DÉCARBURATION OU REVENU (cémentation par procédés de diffusion;traitement de surface de matériaux métalliques utilisant au moins un procédé couvert par la classeet au moins un procédé couvert par la présente sous-classe,;solidification unidirectionnelle de matériaux eutectiques ou démixtion unidirectionnelle de matériaux eutectoïdes)
C22B	PRODUCTION OU AFFINAGE DES MÉTAUX (fabrication des poudres métalliques ou de leurs suspensions; production de métaux par électrolyse ou électrophorèse  ); TRAITEMENT PRÉLIMINAIRE DES MATIÈRES PREMIÈRES
C22C	ALLIAGES (traitement des alliages)
C22F	MODIFICATION DE LA STRUCTURE PHYSIQUE DES MÉTAUX OU ALLIAGES NON FERREUX (procédés spécifiques au traitement thermique des alliages ferreux ou de l'acier et dispositifs pour le traitement thermique des métaux ou des alliages )
C23C	REVÊTEMENT DE MATÉRIAUX MÉTALLIQUES; REVÊTEMENT DE MATÉRIAUX AVEC DES MATÉRIAUX MÉTALLIQUES; TRAITEMENT DE SURFACE DE MATÉRIAUX MÉTALLIQUES PAR DIFFUSION DANS LA SURFACE, PAR CONVERSION CHIMIQUE OU SUBSTITUTION; REVÊTEMENT PAR ÉVAPORATION SOUS VIDE, PAR PULVÉRISATION CATHODIQUE, PAR IMPLANTATION D'IONS OU PAR DÉPÔT CHIMIQUE EN PHASE VAPEUR, EN GÉNÉRAL (fabrication de produits revêtus de métal par extrusion;revêtement métallique par liaison d'objets avec des couches préexistantes, voir les classes appropriées, p.ex.; métallisation du verre;métallisation des mortiers, du béton, de la pierre artificielle, des céramiques ou de la pierre naturelle;émaillage ou glaçage des métaux; traitement de surface métallique ou revêtement de métaux par électrolyse ou électrophorèse;croissance de couches monocristallines;par métallisation des textiles;décoration des textiles par métallisation locale)
C23D	ÉMAILLAGE OU GLAÇAGE DES MÉTAUX (composition chimique des émaux)
C23F	ENLÈVEMENT NON MÉCANIQUE DE MATÉRIAU MÉTALLIQUE DES SURFACES (usinage du métal par électroérosion;dépolissage par chauffage à la flamme;travail du métal par rayon laser); MOYENS POUR EMPÊCHER LA CORROSION DES MATÉRIAUX MÉTALLIQUES; MOYENS POUR EMPÊCHER L'ENTARTRAGE OU LES INCRUSTATIONS, EN GÉNÉRAL (traitement de surface métallique ou revêtement de métaux par électrolyse ou électrophorèse); PROCÉDÉS À ÉTAPES MULTIPLES POUR LE TRAITEMENT DE SURFACE DE MATÉRIAUX MÉTALLIQUES UTILISANT AU MOINS UN PROCÉDÉ COUVERT PAR LA CLASSEET AU MOINS UN PROCÉDÉ COUVERT SOIT PAR LA SOUS-CLASSE SOIT PAR LA SOUS-CLASSE SOIT PAR LA CLASSE
C23G	NETTOYAGE OU DÉGRAISSAGE DE MATÉRIAUX MÉTALLIQUES PAR DES PROCÉDÉS CHIMIQUES NON ÉLECTROLYTIQUES (compositions de produits à polir;détergents en général)
C25B	PROCÉDÉS ÉLECTROLYTIQUES OU ÉLECTROPHORÉTIQUES POUR LA PRODUCTION DE COMPOSÉS ORGANIQUES OU MINÉRAUX, OU DE NON-MÉTAUX; APPAREILLAGES À CET EFFET (protection anodique ou cathodique;croissance des monocristaux)
C25C	PROCÉDÉS POUR LA PRODUCTION, LA RÉCUPÉRATION OU L'AFFINAGE ÉLECTROLYTIQUE DES MÉTAUX; APPAREILLAGES À CET EFFET (protection anodique ou cathodique;croissance des monocristaux)
C25D	PROCÉDÉS POUR LA PRODUCTION ÉLECTROLYTIQUE OU ÉLECTROPHORÉTIQUE DE REVÊTEMENTS; GALVANOPLASTIE (fabrication de circuits imprimés par dépôt métallique); JONCTION DE PIÈCES PAR ÉLECTROLYSE; APPAREILLAGES À CET EFFET (protection anodique ou cathodique;croissance des monocristaux)
C25F	PROCÉDÉS POUR LE TRAITEMENT D'OBJETS PAR ENLÈVEMENT ÉLECTROLYTIQUE DE MATIÈRE; APPAREILLAGES À CET EFFET (traitement de l'eau, des eaux résiduaires ou des eaux d'égout par des procédés électrochimiques;protection anodique ou cathodique)
C30B	CROISSANCE DES MONOCRISTAUX (par hyper-pression, p.ex. pour la formation de diamants,); SOLIDIFICATION UNIDIRECTIONNELLE DES MATÉRIAUX EUTECTIQUES OU DÉMIXTION UNIDIRECTIONNELLE DES MATÉRIAUX EUTECTOÏDES; AFFINAGE DES MATÉRIAUX PAR FUSION DE ZONE (affinage par fusion de zone des métaux ou alliages); PRODUCTION DE MATÉRIAUX POLYCRISTALLINS HOMOGÈNES DE STRUCTURE DÉTERMINÉE (coulée de métaux, coulée d'autres substances par les mêmes procédés ou appareillages;façonnage des matières plastiques;modification de la structure physique de métaux ou d'alliages); MONOCRISTAUX OU MATÉRIAUX POLYCRISTALLINS HOMOGÈNES DE STRUCTURE DÉTERMINÉE; POST-TRAITEMENT DE MONOCRISTAUX OU DE MATÉRIAUX POLYCRISTALLINS HOMOGÈNES DE STRUCTURE DÉTERMINÉE (pour la fabrication de dispositifs à semi-conducteurs ou de leurs parties constitutives); APPAREILLAGES À CET EFFET
C40B	CHIMIE COMBINATOIRE; BIBLIOTHÈQUES, p.ex. CHIMIOTHÈQUES (bibliothèques combinatoires in silico d’acides nucléiques, de protéines ou de peptides;chimie combinatoire in silico)
C99Z	MATIÈRE NON PRÉVUE AILLEURS DANS LA PRÉSENTE SECTION
D01B	TRAITEMENT MÉCANIQUE DES MATIÈRES NATURELLES FIBREUSES OU FILAMENTEUSES POUR LA PRODUCTION DES FIBRES OU FILAMENTS, p.ex. POUR LA FILATURE (extraction grossière de fibres d'amiante à partir de minerais;appareils pour le rouissage)
D01C	TRAITEMENT CHIMIQUE OU BIOLOGIQUE DES MATIÈRES FILAMENTEUSES OU FIBREUSES NATURELLES POUR LA PRODUCTION DE FILAMENTS OU DE FIBRES À FILER; CARBONISAGE DES CHIFFONS POUR RÉCUPÉRER LES FIBRES ANIMALES
D01D	PROCÉDÉS OU APPAREILS MÉCANIQUES POUR LA FABRICATION DES FILAMENTS, FILS, FIBRES, SOIES OU RUBANS FAITS PAR L’HOMME (travail mécanique ou traitement des fils métalliques;fibres ou filaments de verre, laine minérale ou de scorie à l’état ramolli)
D01F	PARTIE CHIMIQUE DE LA FABRICATION DES FILAMENTS, FILS, FIBRES, SOIES OU RUBANS FAITS PAR L’HOMME; APPAREILS SPÉCIALEMENT ADAPTÉS À LA FABRICATION DE FILAMENTS DE CARBONE
D01G	TRAITEMENT PRÉLIMINAIRE DES FIBRES, p.ex. POUR LA FILATURE (bobinage ou dévidage, conduite ou guidage des nappes, voiles, rubans ou mèches en général, pots de rubans ou de mèches, emmagasinage dans des pots, de rubans ou de mèches;préparation des fibres pour la fabrication du papier)
D01H	FILATURE OU RETORDAGE (retordage de l'étoupe;crêpage ou ondulation de fibres, filaments ou fils)
D02G	CRÊPAGE OU ONDULATION DES FIBRES, FILAMENTS, FILÉS OU FILS; FILÉS OU FILS
D02H	OURDISSAGE, ENSOUPLAGE OU ENVERJURE DES CHAÎNES
D02J	FINISSAGE OU APPRÊTAGE DES FILAMENTS, FILÉS, FILS CÂBLÉS, CORDES OU SIMILAIRES (ondulation ou crêpage;par traitement à l'aide des liquides, gaz ou vapeurs;finissage autrement que par traitement liquide de fils sous forme de chaîne ou de nappe;pour la partie chimique, voir;traitement durant la fabrication des cordes, appareils pour le traitement auxiliaire des cordes lors de leur fabrication)
D03C	MÉCANISMES DE LA FOULE; CARTONS OU CHAÎNES DE DESSINS; PERFORATION DES CARTONS; MISE EN CARTE
D03D	TISSUS; MÉTHODES DE TISSAGE; MÉTIERS À TISSER
D03J	APPAREILS AUXILIAIRES DE TISSAGE; OUTILS DE TISSERANDS; NAVETTES
D04B	TRICOTAGE
D04C	FABRICATION DES TRESSES OU DES DENTELLES, Y COMPRIS LE TULLE-BOBINOT OU LES DENTELLES CHIMIQUES; MÉTIERS À TRESSES; TRESSES; DENTELLES (métiers pour la fabrication de semelles en partant de matériaux en bandes;travail du jonc)
D04D	PASSEMENTERIES; RUBANS OU BANDES NON PRÉVUS AILLEURS (accessoires ou garnitures pour chapeaux, p.ex. bandes pour chapeaux;art décoratif;filés ou fils;tissage;tresses ou dentelles;articles non tissés)
D04G	FABRICATION DES FILETS PAR NOUAGE DE MATÉRIAUX FILAMENTEUX; FABRICATION DES TAPIS OU TAPISSERIES À POINTS NOUÉS; NOUAGE NON PRÉVU AILLEURS (noueurs pour moissonneuses;filets métalliques;liage d'articles par nouage;nouage en association avec le bobinage ou le dévidage;nouage au cours du tissage;fabrication des filets, tapis ou tapisseries par d'autres techniques, voir les sous-classes appropriées)
D04H	FABRICATION DES TISSUS TEXTILES, p.ex. À PARTIR DE FIBRES OU MATÉRIAUX FILAMENTEUX (tissage;tricotage;tressage;fabrication de filets;couture;implantation de poils ou touffes par piquage;finition des "non-tissés"); ARTICLES FAITS À L'AIDE DE CES PROCÉDÉS OU APPAREILLAGE, p.ex. FEUTRES, NON-TISSÉS; OUATE; NAPPE (étoffes non tissées ayant une couche intermédiaire ou externe de genre différent, p.ex. une étoffe tissée,)
D05B	COUTURE (accessoires pour l'industrie du vêtement;travailleuses;couture en reliure;machines à coudre modifiées pour le tricotage)
D05C	BRODERIE (machines à coudre commandées par programme pouvant effectuer de la broderie); IMPLANTATION DE POILS OU TOUFFES PAR PIQUAGE (fabrication de tissus non tissés;couture)
D06B	TRAITEMENT DE MATIÈRES TEXTILES PAR DES LIQUIDES, DES GAZ OU DES VAPEURS (traitement mécanique des matières naturelles fibreuses ou filamenteuses pour la production des fibres ou des filaments)
D06C	FINISSAGE, APPRÊTAGE, RAMAGE OU ÉTIRAGE DE TISSUS TEXTILES
D06F	BLANCHISSAGE, SÉCHAGE, REPASSAGE, PRESSAGE OU PLIAGE D'ARTICLES TEXTILES
D06G	NETTOYAGE MÉCANIQUE OU PAR EFFET DE PRESSION DES TAPIS, COUVERTURES, SACS, CUIRS OU AUTRES PEAUX, OU ARTICLES TEXTILES OU ÉTOFFES; RETOURNEMENT DE L'INTÉRIEUR À L'EXTÉRIEUR D'ARTICLES TUBULAIRES FLEXIBLES OU AUTRES ARTICLES CREUX
D06H	MARQUAGE, VISITE, LIAISON OU SÉPARATION DES MATÉRIAUX TEXTILES (liaison par couture)
D06J	PLISSAGE À PLIS COUCHÉS, GAUFRAGE OU TUYAUTAGE DES ÉTOFFES OU DES VÊTEMENTS (par couture)
D06L	NETTOYAGE À SEC, LAVAGE OU BLANCHIMENT DES FIBRES, FILAMENTS, FILS, FILÉS, TISSUS, PLUMES OU ARTICLES FIBREUX; BLANCHIMENT DU CUIR OU DES FOURRURES
D06M	TRAITEMENT, NON PRÉVU AILLEURS DANS LA CLASSE DES FIBRES, FILS, FILÉS, TISSUS, PLUMES OU DES ARTICLES FIBREUX FAITS DE CES MATIÈRES
D06N	MATÉRIAUX DE REVÊTEMENT POUR MURS, PLANCHERS OU SIMILAIRES, p.ex. LINOLÉUM, TOILE CIRÉE, CUIR ARTIFICIEL, CARTON GOUDRONNÉ, CONSISTANT EN UNE NAPPE DE FIBRES RECOUVERTE D'UNE COUCHE DE SUBSTANCE MACROMOLÉCULAIRE; MATÉRIAUX SOUS FORME DE FEUILLES FLEXIBLES, NON PRÉVUS AILLEURS
D06P	TEINTURE OU IMPRESSION DES TEXTILES; TEINTURE DU CUIR, DES FOURRURES OU DES SUBSTANCES MACROMOLÉCULAIRES SOLIDES DE TOUTES FORMES
D06Q	DÉCORATION DES TEXTILES (fils, filaments, filés ou cordes textiles, collés sur des matériaux macromoléculaires)
D07B	CORDES OU CÂBLES EN GÉNÉRAL (raccord des cordes ou câbles ensemble ou à d'autres objets;partie mécanique de la finition ou de l'apprêt des cordes;cordes ou câbles décoratifs;câbles de suspension pour les ponts;spécialement adaptés pour entraîner ou être entraînés par poulies ou autres éléments de transmission;câbles électriques ou raccords dans la mesure où l'aspect électrique est essentiel)
D21B	MATIÈRES PREMIÈRES FIBREUSES OU LEUR TRAITEMENT MÉCANIQUE
D21C	PRODUCTION DE LA CELLULOSE PAR ÉLIMINATION DES SUBSTANCES NON CELLULOSIQUES DES MATIÈRES CONTENANT DE LA CELLULOSE; RÉGÉNÉRATION DES LIQUEURS NOIRES; APPAREILS À CET EFFET
D21D	TRAITEMENT DES MATIÈRES AVANT LEUR PASSAGE DANS LA MACHINE À PAPIER
D21F	MACHINES À FABRIQUER DU PAPIER; PROCÉDÉS DE PRODUCTION DU PAPIER SUR CES MACHINES
D21G	CALANDRES; ACCESSOIRES POUR MACHINES À FABRIQUER LE PAPIER (bobineuses ou rebobineuses pour produits finis, moyens pour ajuster les plis ou extensions en largeur)
D21H	COMPOSITIONS DE PÂTE; LEUR PRÉPARATION NON COUVERTE PAR LES SOUS-CLASSES; IMPRÉGNATION OU COUCHAGE DU PAPIER; TRAITEMENT DU PAPIER FINI NON COUVERT PAR LA CLASSEOU LA SOUS-CLASSE; PAPIER NON PRÉVU AILLEURS
D21J	PANNEAUX DE FIBRES; FABRICATION D'ARTICLES À PARTIR DE SUSPENSIONS DE FIBRES CELLULOSIQUES OU À PARTIR DE PAPIER MÂCHÉ (fabrication d'objets par des procédés à sec)
D99Z	MATIÈRE NON PRÉVUE AILLEURS DANS LA PRÉSENTE SECTION
E01B	VOIES FERRÉES; OUTILLAGE POUR VOIES FERRÉES; MACHINES POUR LA CONSTRUCTION DE VOIES FERRÉES DE TOUS TYPES (dispositifs dérailleurs ou pour placer les véhicules sur la voie, freins de voie ou dispositifs ralentisseurs;enlèvement de corps étrangers de la voie ferrée, lutte contre l'envahissement de la végétation ou application de liquides)
E01C	CONSTRUCTION OU REVÊTEMENTS DES ROUTES, TERRAINS DE SPORTS OU SIMILAIRES; MACHINES OU ACCESSOIRES POUR LA CONSTRUCTION OU LA RÉPARATION (création de routes ou surfaces similaires par tassement ou aménagement en pente de la neige ou de la glace)
E01D	PONTS (passerelles reliant l'aérogare et un aéronef pour l'embarquement ou le débarquement des passagers)
E01F	TRAVAUX COMPLÉMENTAIRES, TELS QUE L'ÉQUIPEMENT DES ROUTES OU LA CONSTRUCTION DE QUAIS, D'AIRES D'ATTERRISSAGE D'HÉLICOPTÈRES, DE PANNEAUX DE SIGNALISATION, D'ÉCRANS PARE-NEIGE OU SIMILAIRES
E01H	NETTOYAGE DES RUES; NETTOYAGE DES VOIES FERRÉES; NETTOYAGE DES PLAGES; NETTOYAGE DES TERRAINS; DISPERSION DU BROUILLARD EN GÉNÉRAL (faucheuses convertibles en des appareils pour le balayage ou le nettoyage des pelouses ou d'autres surfaces, p.ex. pour enlever la neige, ou capables de balayer ou nettoyer des pelouses ou d'autres surfaces;nettoyage en général)
E02B	HYDRAULIQUE (élévation des bateaux;dragage)
E02C	APPAREILS OU MÉCANISMES ÉLÉVATOIRES POUR BATEAUX
E02D	FONDATIONS; EXCAVATIONS; DIGUES (spécialement adaptées aux travaux hydrauliques); OUVRAGES SOUTERRAINS OU SOUS L'EAU
E02F	DRAGAGE; TERRASSEMENT (extraction de la tourbe)
E03B	INSTALLATIONS OU PROCÉDÉS POUR OBTENIR, RECUEILLIR OU DISTRIBUER L'EAU (forage de puits, obtention de fluides en général à partir de puits;systèmes de canalisation en général)
E03C	INSTALLATIONS DOMESTIQUES DE PLOMBERIE POUR L'ALIMENTATION OU L'ÉVACUATION DES EAUX (non reliées aux canalisations d'alimentation ou d'évacuation d'eau;dispositifs du genre de ceux utilisés dans le sol); ÉVIERS
E03D	WATER-CLOSETS OU URINOIRS AVEC SYSTÈME DE CHASSE D'EAU; CLAPETS DE CHASSE À CET EFFET
E03F	ÉGOUTS; FOSSES D'AISANCES
E04B	STRUCTURE GÉNÉRALE DES BÂTIMENTS; MURS, p.ex. CLOISONS; TOITS; PLANCHERS; PLAFONDS; ISOLATION OU AUTRES PROTECTIONS DES BÂTIMENTS (structures de cadrage des ouvertures dans les murs, planchers ou plafonds)
E04C	ÉLÉMENTS; MATÉRIAUX DE CONSTRUCTION (pour ponts;spécialement conçus pour isolation ou autre protection;éléments utilisés comme auxiliaires pour la construction;pour les mines;pour tunnels;éléments structurels ayant un champ d'application plus large que l'industrie du bâtiment particulièrement)
E04D	COUVERTURES DE TOIT; FENÊTRES À TABATIÈRE; GOUTTIÈRES; OUTILS POUR COUVREURS (revêtements des murs extérieurs de plâtre ou autres matières poreuses)
E04F	TRAVAUX DE FINITION DU BÂTIMENT, p.ex. ESCALIERS, REVÊTEMENTS DE SOLS (fenêtres, portes)
E04G	ÉCHAFAUDAGES; COFFRES; COFFRAGES; INSTRUMENTS OU ACCESSOIRES DE CONSTRUCTION, OU LEUR EMPLOI; MANUTENTION DES MATÉRIAUX DE CONSTRUCTION SUR LE CHANTIER; RÉPARATION, DÉMOLITION OU AUTRES TRAVAUX SUR LES BÂTIMENTS CONSTRUITS
E04H	BÂTIMENTS OU CONSTRUCTIONS SIMILAIRES POUR EMPLOIS PARTICULIERS; PISCINES OU PATAUGEOIRES; MÂTS; BARRIÈRES; TENTES OU ABRIS PROVISOIRES, EN GÉNÉRAL (fondations)
E05B	SERRURES; LEURS ACCESSOIRES; MENOTTES
E05C	PÊNES OU DISPOSITIFS D'IMMOBILISATION POUR BATTANTS, SPÉCIALEMENT POUR PORTES OU FENÊTRES (moyens de verrouillage des panneaux latéraux ou des portes arrière de véhicules;dispositifs d'immobilisation pour éléments de construction ou de mécanique générale;serrures, dispositifs combinés aux serrures en ce qui concerne leur structure ou leur fonctionnement ou coopérant de façon significative avec la serrure;moyens pour manœuvrer ou commander les immobilisateurs de battants combinés avec le mécanisme de déplacement du battant)
E05D	CHARNIÈRES, GONDS OU DISPOSITIFS DE SUSPENSION POUR PORTES, FENÊTRES OU BATTANTS (liaisons à pivot en général)
E05F	DISPOSITIFS POUR DÉPLACER LES BATTANTS DE LA POSITION OUVERTE À FERMÉE OU VICE VERSA; RALENTISSEURS DE BATTANTS; APPAREILLAGE POUR BATTANTS NON PRÉVU AILLEURS, CONCERNANT LA MANŒUVRE DU BATTANT
E05G	COFFRES-FORTS OU CHAMBRES FORTES POUR OBJETS DE VALEUR; DISPOSITIFS DE PROTECTION POUR BANQUES; CLOISONS DE SÉCURITÉ POUR TRANSACTIONS (systèmes d'alarme en soi)
E06B	FERMETURES FIXES OU MOBILES POUR OUVERTURES DANS DES BÂTIMENTS, VÉHICULES, PALISSADES OU CLÔTURES SIMILAIRES EN GÉNÉRAL, p.ex. PORTES, FENÊTRES, STORES, PORTAILS (stores ou jalousies de serres;rideaux;capots ou couvercles de voitures;lucarnes;pare-soleil, vélums)
E06C	ÉCHELLES (a priorité;tabourets-escabeaux;adaptation des échelles pour utilisation sur les navires pour utilisation sur les avions;échafaudages)
E21B	FORAGE DU SOL OU DE LA ROCHE (exploitation des mines ou carrières;creusement des puits, des galeries ou des tunnels); EXTRACTION DU PÉTROLE, DU GAZ, DE L'EAU OU DE MATÉRIAUX SOLUBLES OU FUSIBLES OU D'UNE SUSPENSION DE MATIÈRES MINÉRALES À PARTIR DE PUITS
E21C	EXPLOITATION DES MINES OU CARRIÈRES
E21D	PUITS; TUNNELS; GALERIES; VASTES CHAMBRES SOUTERRAINES (substances pour conditionner ou stabiliser les sols;machines à inciser pour l'exploitation des mines ou carrières;dispositifs de sécurité, de transport, de sauvetage, de ventilation ou de drainage)
E21F	DISPOSITIFS DE SÉCURITÉ, TRANSPORT, REMBLAYAGE, SAUVETAGE, VENTILATION OU DRAINAGE DANS LES MINES OU TUNNELS
E99Z	MATIÈRE NON PRÉVUE AILLEURS DANS LA PRÉSENTE SECTION
F01B	"MACHINES" OU MACHINES MOTRICES EN GÉNÉRAL OU DU TYPE À DÉPLACEMENT POSITIF, p.ex. MACHINES À VAPEUR (du type à piston rotatif ou oscillant;à "déplacement non positif";moteurs à combustion ;aspects combustion interne des moteurs à pistons alternatifs;"machines" à liquides;vilebrequins, têtes de bielles, bielles;volants;organes de transmission pour convertir un mouvement de rotation en mouvement alternatif, en général;pistons, tiges de pistons, cylindres, pour machines motrices en général)
F01C	"MACHINES" OU MACHINES MOTRICES À PISTON ROTATIF OU OSCILLANT (moteurs à combustion;aspects combustion interne;"machines" à liquides)
F01D	"MACHINES" OU MACHINES MOTRICES À DÉPLACEMENT NON POSITIF, p.ex. TURBINES À VAPEUR (moteurs à combustion;"machines" ou machines motrices à liquides;pompes à déplacement non positif)
F01K	ENSEMBLES FONCTIONNELS DE MACHINES À VAPEUR; ACCUMULATEURS DE VAPEURS; ENSEMBLES FONCTIONNELS DE MACHINES MOTRICES NON PRÉVUS AILLEURS; MACHINES MOTRICES À FLUIDES ÉNERGÉTIQUES OU CYCLES DE TRAVAIL PARTICULIERS (ensembles fonctionnels de turbines à gaz ou de propulsion par réaction;production de vapeur;ensembles de production d'énergie nucléaire, disposition des moteurs à l'intérieur de ces ensembles)
F01L	SYSTÈMES DE DISTRIBUTION À SOUPAPES, À FONCTIONNEMENT CYCLIQUE, POUR "MACHINES" OU MACHINES MOTRICES
F01M	LUBRIFICATION DES "MACHINES" OU MACHINES MOTRICES EN GÉNÉRAL; LUBRIFICATION DES MOTEURS À COMBUSTION INTERNE; VENTILATION DU CARTER
F01N	SILENCIEUX OU DISPOSITIFS D'ÉCHAPPEMENT POUR "MACHINES" OU MACHINES MOTRICES EN GÉNÉRAL; SILENCIEUX OU DISPOSITIFS D'ÉCHAPPEMENT POUR MOTEURS À COMBUSTION INTERNE (dispositions des ensembles de propulsion relatives à l'échappement des gaz;silencieux d'admission d'air spécialement adaptés aux moteurs à combustion interne ou aménagés pour ces moteurs;protection contre le bruit en général ou atténuation de celui-ci)
F01P	REFROIDISSEMENT DES "MACHINES" OU MACHINES MOTRICES EN GÉNÉRAL; REFROIDISSEMENT DES MOTEURS À COMBUSTION INTERNE (dispositions des ensembles de propulsion relatives au refroidissement;substances pour le transfert de chaleur, pour l'échange de chaleur ou pour le stockage de la chaleur;échange de chaleur en général, radiateurs)
F02B	MOTEURS À COMBUSTION INTERNE À PISTONS; MOTEURS À COMBUSTION EN GÉNÉRAL (ensembles fonctionnels de turbines à gaz;ensembles fonctionnels de moteurs à gaz chauds ou à produits de combustion, à déplacement positif)
F02C	ENSEMBLES FONCTIONNELS DE TURBINES À GAZ; ENTRÉES D'AIR POUR ENSEMBLES FONCTIONNELS DE PROPULSION PAR RÉACTION; COMMANDE DE L'ALIMENTATION EN COMBUSTIBLE, DANS DES ENSEMBLES FONCTIONNELS DE PROPULSION PAR RÉACTION ALIMENTÉS EN AIR AMBIANT (structure des turbines;ensembles fonctionnels de propulsion par réaction;structure des compresseurs ou ventilateurs;appareils à combustion dans lesquels la combustion a lieu dans un lit fluidisé de combustible ou d'autres particules;élaboration des produits de combustion à haute pression ou à grande vitesse;utilisation des turbines à gaz dans des ensembles fonctionnels frigorifiques à compression;utilisation des ensembles fonctionnels de turbines à gaz sur des véhicules, voir les sous-classes appropriées)
F02D	COMMANDE DES MOTEURS À COMBUSTION (accessoires pour la commande automatique de la vitesse du véhicule en agissant sur un seul sous-ensemble;commande conjuguée de plusieurs sous-ensembles d'un véhicule, de fonction ou de type différents, systèmes d'aide à la conduite de véhicule dont l'objet ne se limite pas à la commande d'un sous-ensemble particulier)
F02F	CYLINDRES, PISTONS OU CARCASSES POUR MOTEURS À COMBUSTION; AMÉNAGEMENT DES GARNITURES D'ÉTANCHÉITÉ DANS LES MOTEURS À COMBUSTION
F02G	ENSEMBLES FONCTIONNELS DE MOTEURS À GAZ CHAUDS OU À PRODUITS DE COMBUSTION, À DÉPLACEMENT POSITIF (ensembles fonctionnels de machines à vapeur, p.ex. à vapeur particulière, ou ensembles fonctionnant soit avec des gaz chauds, soit avec des gaz provenant d'une combustion, mélangés à d'autres fluides;ensembles fonctionnels de turbines à gaz;ensembles fonctionnels de propulsion par réaction); UTILISATION DE LA CHALEUR PERDUE DES MOTEURS À COMBUSTION, NON PRÉVUE AILLEURS
F02K	ENSEMBLES FONCTIONNELS DE PROPULSION PAR RÉACTION (caractéristiques des ensembles fonctionnels de propulsion par réaction communes à ceux des turbines à gaz, entrées d'air ou commandes de l'alimentation en combustibles d'ensembles fonctionnels de propulsion par réaction alimentés par de l'air ambiant)
F02M	ALIMENTATION EN GÉNÉRAL DES MOTEURS À COMBUSTION EN MÉLANGES COMBUSTIBLES OU EN PRODUITS COMPOSANT CES MÉLANGES
F02N	DÉMARRAGE DES MOTEURS À COMBUSTION; MOYENS OU ACCESSOIRES DE DÉMARRAGE DE CES MOTEURS, NON PRÉVUS AILLEURS
F02P	ALLUMAGE, AUTRE QUE L'ALLUMAGE PAR COMPRESSION, DES MOTEURS À COMBUSTION INTERNE; TEST DE RÉGLAGE DE L'ALLUMAGE DANS LES MOTEURS À ALLUMAGE PAR COMPRESSION (spécialement adapté aux moteurs à piston rotatif ou oscillant;allumage des appareils à combustion en général, bougies à incandescence;mesure des variables physiques en général;commande en général;traitement des données en général;composants électriques en général, voir la section H;bougies d'allumage)
F03B	"MACHINES" OU MACHINES MOTRICES À LIQUIDES ("machines" à liquides et fluides élastiques;machines motrices à déplacement positif à liquides;"machines" à déplacement positif à liquides)
F03C	MACHINES MOTRICES À DÉPLACEMENT POSITIF ACTIONNÉES PAR DES LIQUIDES (moteurs à déplacement positif à liquides et fluides compressibles;"machines" à déplacement positif à liquides;dispositifs de manœuvre fonctionnant par pression de fluide;transmissions par fluide)
F03D	MÉCANISMES MOTEURS À VENT
F03G	MÉCANISMES MOTEURS À RESSORTS, À POIDS, À INERTIE OU ANALOGUES; DISPOSITIFS OU MÉCANISMES PRODUISANT UNE PUISSANCE MÉCANIQUE, NON PRÉVUS AILLEURS OU UTILISANT UNE SOURCE D'ÉNERGIE NON PRÉVUE AILLEURS (dispositions relatives à l'alimentation en énergie tirée des forces de la nature dans les véhicules;propulsion électrique des véhicules à partir d'énergie tirée des forces de la nature)
F03H	PRODUCTION DE POUSSÉE PROPULSIVE PAR RÉACTION, NON PRÉVUE AILLEURS (à partir des produits de combustion)
F04B	"MACHINES" À LIQUIDES À DÉPLACEMENT POSITIF; POMPES ("machines" à liquides ou pompes, du type à pistons rotatifs ou oscillants;pompes à déplacement non positif;pompage de fluide par contact direct avec un autre fluide ou par utilisation de l'inertie du fluide à pomper)
F04C	"MACHINES" À LIQUIDES À DÉPLACEMENT POSITIF, À PISTON ROTATIF OU OSCILLANT (machines motrices actionnées par des liquides); POMPES À DÉPLACEMENT POSITIF, À PISTON ROTATIF OU OSCILLANT (pompes à injection de combustible)
F04D	POMPES À DÉPLACEMENT NON POSITIF (pompes à injection de combustible;pompes à ions;pompes électrodynamiques)
F04F	POMPAGE DE FLUIDE PAR CONTACT DIRECT AVEC UN AUTRE FLUIDE OU PAR UTILISATION DE L'INERTIE DU FLUIDE À POMPER (réceptacles ou empaquetages avec des moyens particuliers pour distribuer des liquides ou semi-liquides par pression interne de gaz); SIPHONS
F15B	SYSTÈMES FONCTIONNANT AU MOYEN DE FLUIDES EN GÉNÉRAL; DISPOSITIFS DE MANŒUVRE FONCTIONNANT PAR PRESSION DE FLUIDE, p.ex. SERVOMOTEURS; PARTIES CONSTITUTIVES OU AMÉNAGEMENTS DES SYSTÈMES À PRESSION DE FLUIDE, NON PRÉVUS AILLEURS
F15C	ÉLÉMENTS DE CIRCUITS DE FLUIDE UTILISÉS PRINCIPALEMENT POUR LE CALCUL OU LA COMMANDE (transducteurs;dynamique des fluides en général;calculateurs comportant des éléments à fluide)
F15D	DYNAMIQUE DES FLUIDES, c. à d. PROCÉDÉS OU MOYENS POUR AGIR SUR L'ÉCOULEMENT DES GAZ OU DES LIQUIDES (éléments de circuits de fluide)
F16B	DISPOSITIFS POUR ASSEMBLER OU BLOQUER LES ÉLÉMENTS DE CONSTRUCTION OU LES PARTIES DE MACHINES, p.ex. CLOUS, CHEVILLES, ÉCROUS, VIS, BOULONS, BAGUES ANNULAIRES FORMANT RESSORT, BRIDES OU COLLIERS, CLIPS OU PINCES, COINS; ASSEMBLAGES OU JOINTURES (accouplements pour la transmission des mouvements de rotation)
F16C	ARBRES; ARBRES FLEXIBLES; MOYENS MÉCANIQUES POUR TRANSMETTRE UN MOUVEMENT DANS UNE GAINE FLEXIBLE; PIÈCES DU MÉCANISME DES ARBRES-MANIVELLES; PIVOTS; LIAISONS PIVOTANTES; PIÈCES ROTATIVES AUTRES QUE LES PIÈCES DE TRANSMISSION MÉCANIQUE, DE COUPLAGE, D'EMBRAYAGE OU DE FREINAGE; PALIERS
F16D	ACCOUPLEMENTS POUR LA TRANSMISSION DES MOUVEMENTS DE ROTATION (transmissions pour transmettre des mouvements de rotation p.ex. transmissions à fluide-); EMBRAYAGES (embrayages dynamo-électriques;embrayages utilisant l'attraction électrostatique); FREINS (systèmes de freinage électrodynamique des véhicules en général;freins dynamo-électriques)
F16F	RESSORTS; AMORTISSEURS; MOYENS POUR AMORTIR LES VIBRATIONS
F16G	COURROIES, CÂBLES OU CORDES UTILISÉS ESSENTIELLEMENT POUR LA TRANSMISSION D'UN MOUVEMENT; CHAÎNES; ACCESSOIRES UTILISÉS ESSENTIELLEMENT À CET EFFET
F16H	TRANSMISSIONS
F16J	PISTONS; CYLINDRES; RÉCIPIENTS SOUS PRESSION EN GÉNÉRAL; JOINTS D'ÉTANCHÉITÉ
F16K	SOUPAPES; ROBINETS; VANNES; COMMANDES À FLOTTEURS; DISPOSITIFS POUR VENTILER OU AÉRER
F16L	TUYAUX; RACCORDS OU AUTRES ACCESSOIRES POUR TUYAUX; SUPPORTS POUR TUYAUX, CÂBLES OU CONDUITS DE PROTECTION; MOYENS D'ISOLATION THERMIQUE EN GÉNÉRAL
F16M	CHÂSSIS, CARTERS, CARCASSES OU BÂTIS POUR MOTEURS, MACHINES OU APPAREILS, NON SPÉCIFIQUES AUX MOTEURS, MACHINES OU APPAREILS PRÉVUS AILLEURS; APPUIS; SUPPORTS
F16N	LUBRIFICATION
F16P	DISPOSITIFS DE SÉCURITÉ EN GÉNÉRAL
F16S	ÉLÉMENTS DE STRUCTURE EN GÉNÉRAL; STRUCTURES CONSTRUITES AVEC CES ÉLÉMENTS, EN GÉNÉRAL
F16T	PURGEURS D'EAU DE CONDENSATION OU APPAREILS SIMILAIRES POUR EXPULSER DES LIQUIDES HORS DE RÉSERVOIRS CONTENANT PRINCIPALEMENT DES GAZ OU DES VAPEURS
F17B	GAZOMÈTRES À CAPACITÉ VARIABLE (dispositifs automatiques de coupure du gaz;pièges à flammes;mélangeurs de gaz;construction ou assemblage de réservoirs de stockage en vrac par l'emploi des techniques du génie civil;compresseurs de gaz;vannes;amortissement des pulsations dans les vannes ou les canalisations;tuyaux;dispositifs de coupure pour les canalisations principales de gaz;récipients conçus pour emmagasiner des gaz comprimés, liquéfiés ou solidifiés;systèmes de distribution de gaz;détection des fuites;dispositifs de surveillance ou d'alarme;commande de la combustion dans les brûleurs;régulateurs du débit ou de la pression des gaz)
F17C	RÉCIPIENTS POUR CONTENIR OU EMMAGASINER DES GAZ COMPRIMÉS, LIQUÉFIÉS OU SOLIDIFIÉS; GAZOMÈTRES À CAPACITÉ FIXE; REMPLISSAGE OU VIDAGE DE RÉCIPIENTS DE GAZ COMPRIMÉS, LIQUÉFIÉS OU SOLIDIFIÉS (emmagasinage des fluides dans des excavations ou cavités naturelles ou artificielles souterraines;construction ou assemblage de réservoirs de stockage en vrac par l'emploi des techniques du génie civil;gazomètres à capacité variable;machines, installations ou systèmes de liquéfaction ou de réfrigération)
F17D	SYSTÈMES DE CANALISATION; PIPE-LINES (distribution d'eau;pompes ou compresseurs;dynamique des fluides;soupapes ou dispositifs obturateurs analogues;tuyaux, pose de tuyaux, supports, raccords, branchements, réparation, travaux sur l'ensemble du système, accessoires,;purgeurs d'eau de condensation ou dispositifs similaires;câbles électriques à fluide sous pression)
F21H	MANCHONS À INCANDESCENCE; AUTRES CORPS INCANDESCENTS CHAUFFÉS PAR COMBUSTION
F21K	SOURCES LUMINEUSES NON ÉLECTRIQUES UTILISANT LA LUMINESCENCE; SOURCES LUMINEUSES UTILISANT L'ÉLECTROCHIMIOLUMINESCENCE; SOURCES LUMINEUSES UTILISANT DES CHARGES DE MATÉRIAUX COMBUSTIBLES; SOURCES LUMINEUSES UTILISANT DES DISPOSITIFS À SEMI-CONDUCTEURS EN TANT QU’ÉLÉMENTS GÉNÉRATEURS DE LUMIÈRE; SOURCES LUMINEUSES NON PRÉVUES AILLEURS
F21L	DISPOSITIFS OU SYSTÈMES D'ÉCLAIRAGE PORTATIFS OU SPÉCIALEMENT ADAPTÉS À LEUR TRANSPORT
F21S	DISPOSITIFS D'ÉCLAIRAGE NON PORTATIFS; SYSTÈMES DE TELS DISPOSITIFS; DISPOSITIFS D’ÉCLAIRAGE DE VÉHICULES SPÉCIALEMENT ADAPTÉS À L’EXTÉRIEUR DES VÉHICULES
F21V	CARACTÉRISTIQUES FONCTIONNELLES OU DÉTAILS FONCTIONNELS DES DISPOSITIFS OU SYSTÈMES D'ÉCLAIRAGE; COMBINAISONS STRUCTURALES DE DISPOSITIFS D'ÉCLAIRAGE AVEC D'AUTRES OBJETS, NON PRÉVUES AILLEURS
F21W	SCHÉMA D'INDEXATION ASSOCIÉ AUX SOUS-CLASSESET RELATIF AUX UTILISATIONS OU AUX APPLICATIONS DE DISPOSITIFS OU DE SYSTÈMES D'ÉCLAIRAGE
F21Y	SCHÉMA D'INDEXATION ASSOCIÉ AUX SOUS-CLASSESET RELATIF À LA FORME OU AU TYPE DES SOURCES LUMINEUSES OU À LA COULEUR DE LA LUMIERE EMISE
F22B	MÉTHODES DE PRODUCTION DE VAPEUR; CHAUDIÈRES À VAPEUR (ensembles fonctionnels des machines à vapeur où l'aspect machine motrice prédomine;enlèvement des produits ou des résidus de combustion, p.ex. nettoyage des surfaces de tubes de chaudières contaminées par la combustion,;systèmes de chauffage central domestique à vapeur;échange de chaleur ou transfert de chaleur en général; production de vapeur dans le cœur des réacteurs nucléaires)
F22D	PRÉCHAUFFAGE OU ACCUMULATION D'EAU D'ALIMENTATION PRÉCHAUFFÉE POUR LA PRODUCTION DE VAPEUR; ALIMENTATION EN EAU; COMMANDE DU NIVEAU D'EAU POUR LA PRODUCTION DE VAPEUR; DISPOSITIFS AUXILIAIRES POUR AMÉLIORER LA CIRCULATION DE L'EAU À L'INTÉRIEUR DES CHAUDIÈRES À VAPEUR
F22G	SURCHAUFFE DE LA VAPEUR (dispositifs séparateurs de vapeur dans les chaudières;enlèvement des produits ou des résidus de combustion, p.ex. nettoyage des surfaces de tubes de chaudières contaminées par la combustion,)
F23B	PROCÉDÉS OU APPAREILS DE COMBUSTION UTILISANT UNIQUEMENT DES COMBUSTIBLES SOLIDES (pour la combustion de combustibles solides à la température ambiante mais qui brûlent sous forme fondue, p.ex. paraffine pour bougie,;utilisant un combustible solide en suspension dans l'air;utilisant un combustible solide en suspension dans des liquides;utilisant un combustible solide avec un combustible fluide ou avec un combustible solide en suspension dans l’air, simultanément ou alternativement)
F23C	PROCÉDÉS OU APPAREILS À COMBUSTION UTILISANT DES COMBUSTIBLES FLUIDES OU DES COMBUSTIBLES SOLIDES EN SUSPENSION DANS L’AIR (brûleurs)
F23D	BRÛLEURS
F23G	FOURS CRÉMATOIRES; COMBUSTION DE DÉCHETS OU DE COMBUSTIBLES PAUVRES
F23H	GRILLES (entrées pour l'air de fluidisation pour appareils de combustion à lit fluidisé); NETTOYAGE OU GRATTAGE DES GRILLES
F23J	ENLÈVEMENT OU TRAITEMENT DES PRODUITS OU DES RÉSIDUS DE COMBUSTION; CONDUITS (appareils à combustion pour brûler les fumées ou les vapeurs, p.ex. les gaz d'échappement,)
F23K	ALIMENTATION EN COMBUSTIBLE DES APPAREILS À COMBUSTION (alimentations en combustible spécialement adaptées aux appareils de combustion à lit fluidisé)
F23L	ALIMENTATION EN AIR OU EN LIQUIDES OU GAZ NON COMBUSTIBLES DANS LES APPAREILS DE COMBUSTION EN GÉNÉRAL (autels avec moyens d’alimentation en air ou en vapeur;chicanes ou écrans avec passages pour l’amenée d’air); SOUPAPES OU REGISTRES SPÉCIALEMENT ADAPTÉS À LA COMMANDE DE L'ALIMENTATION EN AIR OU DU TIRAGE DANS LES APPAREILS DE COMBUSTION; GÉNÉRATION DU TIRAGE DANS LES APPAREILS DE COMBUSTION; MITRONS DE CHEMINÉES OU DE CONDUITS D'ALIMENTATION EN AIR; DÉBOUCHÉS DE CONDUITS DE CHEMINÉES
F23M	ARMATURES, ENVELOPPES, PAROIS OU PORTES SPÉCIALEMENT ADAPTÉES AUX CHAMBRES DE COMBUSTION, p.ex. AUTELS; DISPOSITIFS DE DÉFLEXION D’AIR, DE FLAMMES OU DE PRODUITS DE COMBUSTION DANS LES CHAMBRES DE COMBUSTION; DISPOSITIFS DE SÉCURITÉ SPÉCIALEMENT ADAPTÉS AUX CHAMBRES DE COMBUSTION; DÉTAILS DES CHAMBRES DE COMBUSTION NON PRÉVUS AILLEURS
F23N	RÉGULATION OU COMMANDE DE LA COMBUSTION (dispositifs de commande spécialement adaptés aux appareils à combustion dans lesquels la combustion a lieu dans un lit fluidisé de combustible ou d'autres particules;dispositions de commande sensibles à certaines conditions pour la régulation de la combustion dans les poêles à usage domestique pour combustibles solides à foyers ouverts)
F23Q	ALLUMAGE (dispositifs pour allumer les allumettes; allumeurs chimiques); DISPOSITIFS D'EXTINCTION
F23R	ÉLABORATION DES PRODUITS DE COMBUSTION À HAUTE PRESSION OU À GRANDE VITESSE, p.ex. CHAMBRES DE COMBUSTION DE TURBINES À GAZ (appareils de combustion à lit fluidisé spécialement adaptés pour fonctionner sous une pression supérieure à la pression atmosphérique)
F24B	POÊLES OU FOURNEAUX À USAGE DOMESTIQUE, POUR COMBUSTIBLES SOLIDES (pour des combustibles solides en combinaison avec des combustibles gazeux, des combustibles liquides ou d'autres types d'énergie); INSTRUMENTS ACCESSOIRES POUR L'UTILISATION DES POÊLES OU DES FOURNEAUX
F24C	POÊLES OU FOURNEAUX À USAGE DOMESTIQUE (exclusivement pour combustibles solides); PARTIES CONSTITUTIVES DES POÊLES OU DES FOURNEAUX À USAGE DOMESTIQUE, D'APPLICATION GÉNÉRALE
F24D	SYSTÈMES DE CHAUFFAGE DE LOCAUX DOMESTIQUES OU D'AUTRES LOCAUX, p.ex. SYSTÈMES DE CHAUFFAGE CENTRAL; SYSTÈMES D'ALIMENTATION EN EAU CHAUDE À USAGE DOMESTIQUE; LEURS ÉLÉMENTS OU PARTIES CONSTITUTIVES (utilisation de la vapeur ou des condensats provenant soit du soutirage soit de la sortie des ensembles fonctionnels de machines motrices à vapeur pour le chauffage)
F24F	CONDITIONNEMENT DE L'AIR; HUMIDIFICATION DE L'AIR; VENTILATION; UTILISATION DE COURANTS D'AIR COMME ÉCRANS (enlèvement des crasses ou des fumées des zones où elles sont produites;gaines verticales pour l'évacuation des gaz de combustion des bâtiments;mitrons de cheminées ou de conduits de ventilation, débouchés des conduits)
F24H	APPAREILS DE CHAUFFAGE DE FLUIDES, p.ex. DE L'AIR OU DE L'EAU, COMPORTANT DES MOYENS DE PRODUCTION DE CHALEUR, p.ex. DES POMPES À CHALEUR, EN GÉNÉRAL (production de vapeur)
F24S	COLLECTEURS DE CHALEUR SOLAIRE;  SYSTÈMES UTILISANT LA CHALEUR SOLAIRE (pour la production de puissance mécanique à partir d’énergie solaire)
F24T	COLLECTEURS GÉOTHERMIQUES; SYSTÈMES GÉOTHERMIQUES
F24V	COLLECTE, PRODUCTION OU UTILISATION DE LA CHALEUR, NON PRÉVUES AILLEURS
F25B	MACHINES, INSTALLATIONS OU SYSTÈMES FRIGORIFIQUES; SYSTÈMES COMBINÉS DE CHAUFFAGE ET DE RÉFRIGÉRATION; SYSTÈMES À POMPES À CHALEUR
F25C	PRODUCTION, TRAVAIL OU MANIPULATION DE LA GLACE
F25D	RÉFRIGÉRATEURS; CHAMBRES FROIDES; GLACIÈRES; APPAREILS DE REFROIDISSEMENT OU DE CONGÉLATION NON PRÉVUS AILLEURS (vitrines d'exposition réfrigérées;récipients à isolation thermique pour usage domestique;véhicules frigorifiques, voir les sous-classes appropriées de-;récipients avec isolation thermique en général;substances pour le transfert de chaleur, pour l'échange de chaleur ou pour le stockage de la chaleur, p.ex. réfrigérants, ou substances pour la production de chaleur ou de froid par des réactions chimiques autres que la combustion;récipients à isolation thermique pour gaz liquéfiés ou solidifiés;conditionnement ou humidification de l'air;machines, installations ou systèmes frigorifiques;refroidissement sans réfrigération des instruments ou appareils comparables;refroidissement des machines motrices ou des pompes, voir les classes appropriées)
F25J	LIQUÉFACTION, SOLIDIFICATION OU SÉPARATION DES GAZ OU DES MÉLANGES GAZEUX PAR PRESSION ET PAR LE FROID (pompes cryogéniques;réservoirs de stockage des gaz, gazomètres;remplissage ou vidage de récipients de gaz comprimés, liquéfiés ou solidifiés;machines, installations ou systèmes frigorifiques)
F26B	SÉCHAGE DE MATÉRIAUX SOLIDES OU D'OBJETS PAR ÉLIMINATION DU LIQUIDE QUI Y EST CONTENU (dispositifs de séchage pour moissonneuses-batteuses;râteliers de séchage pour fruits ou légumes;séchage des denrées alimentaires;séchage des cheveux;articles de toilette pour le séchage du corps;séchage des articles domestiques;séchage des gaz ou des vapeurs;procédés chimiques ou physiques pour l'élimination de l'eau ou autre forme de séparation de liquides solides;appareils centrifugeurs;séchage des céramiques;séchage des fils ou tissus textiles conjugué avec une autre forme de traitement;supports de séchage pour blanchissage sans chauffage ni circulation d'air effective, séchoirs à linge ou essoreuses centrifuges à usage domestique, essorage ou pressage à chaud en blanchisserie;fours)
F27B	FOURS OU CORNUES DE DISTILLATION, EN GÉNÉRAL; APPAREILS DE FRITTAGE À CIEL OUVERT OU APPAREILS ANALOGUES (appareils à combustion;chauffage électrique)
F27D	PARTIES CONSTITUTIVES, AMÉNAGEMENTS, ACCESSOIRES DES FOURS OU DES CORNUES, DANS LA MESURE OÙ ILS SONT COMMUNS À PLUS D'UN TYPE DE FOUR (appareils de combustion; chauffage électrique)
F28B	CONDENSEURS DE VAPEUR D'EAU OU D'AUTRES VAPEURS (condensation des vapeurs;condensation pendant le prétraitement de gaz préalable à la précipitation électrostatique de particules dispersées;ensembles fonctionnels de machines à vapeur comportant des condenseurs;liquéfaction des gaz;parties constitutives ou aménagements, d'application générale, des dispositifs d'échange ou de transfert de chaleur)
F28C	APPAREILS ÉCHANGEURS DE CHALEUR NON PRÉVUS DANS UNE AUTRE SOUS-CLASSE, DANS LESQUELS L'ÉCHANGE DE CHALEUR PROVIENT D'UN CONTACT DIRECT, SANS RÉACTION CHIMIQUE ENTRE SOURCES DE POTENTIEL CALORIFIQUE (substances pour le transfert de chaleur, pour l'échange de chaleur ou pour le stockage de la chaleur;appareils de chauffage de fluides possédant des moyens de production de chaleur;avec agent intermédiaire de transfert de chaleur venant en contact direct avec les sources de potentiel calorifique-;parties constitutives ou aménagements, d'application générale, des appareils échangeurs de chaleur)
F28D	APPAREILS ÉCHANGEURS DE CHALEUR NON PRÉVUS DANS UNE AUTRE SOUS-CLASSE, DANS LESQUELS L'ÉCHANGE DE CHALEUR NE PROVIENT PAS D'UN CONTACT DIRECT ENTRE SOURCES DE POTENTIEL CALORIFIQUE (substances pour le transfert de chaleur, pour l'échange de chaleur ou pour le stockage de la chaleur; appareils de chauffage de fluides possédant des moyens de production ou de transfert de la chaleur;fours;parties constitutives ou aménagements, d'application générale, des appareils échangeurs de chaleur); APPAREILS OU ENSEMBLES FONCTIONNELS D'ACCUMULATION DE CHALEUR EN GÉNÉRAL
F28F	PARTIES CONSTITUTIVES OU AMÉNAGEMENTS, D'APPLICATION GÉNÉRALE, DES DISPOSITIFS ÉCHANGEURS DE CHALEUR OU DE TRANSFERT DE CHALEUR (substances pour le transfert de chaleur, pour l'échange de chaleur ou pour le stockage de la chaleur;purgeurs d'eau ou d'air, évents)
F28G	NETTOYAGE DES SURFACES INTERNES OU EXTERNES DES CONDUITS DES ÉCHANGEURS DE CHALEUR OU DE TRANSFERT DE CHALEUR, p.ex. TUBES D'EAU DE CHAUDIÈRES (nettoyage des tuyaux ou des tubes en général;dispositifs ou agencements pour enlever l'eau, les minéraux ou les boues des chaudières pendant leur fonctionnement ou qui demeurent en position pendant que la chaudière fonctionne ou sont spécifiquement conçus pour les chaudières sans autre application;enlèvement ou traitement des produits ou des résidus de combustion;enlèvement de la glace des appareils échangeurs de chaleur)
F41A	CARACTÉRISTIQUES DE FONCTIONNEMENT OU DÉTAILS COMMUNS À LA FOIS AUX ARMES À FEU INDIVIDUELLES ET AUX PIÈCES D'ARTILLERIE, p.ex. CANONS; MONTAGE DES ARMES À FEU INDIVIDUELLES OU DES PIÈCES D'ARTILLERIE
F41B	ARMES TIRANT DES PROJECTILES SANS UTILISATION D'UNE CHARGE PROPULSIVE EXPLOSIVE OU COMBUSTIBLE; ARMES NON PRÉVUES AILLEURS (projectiles pour la pêche, p.ex. foènes,;objets à lancer utilisés pour le sport p.ex. boomerangs;appareils fixes pour le lancement de balles de sport, p.ex. balles de tennis,;jouets à jeter ou à lancer;couteaux, haches;projectiles autres que ceux dont le ressort de projection fait partie intégrante)
F41C	ARMES À FEU INDIVIDUELLES (lancement de projectiles sans utilisation d'une charge propulsive explosive ou combustible); ACCESSOIRES POUR CES ARMES
F41F	APPAREILS POUR LANCER DES PROJECTILES À PARTIR D'UN TUBE, p.ex. CANONS (armes à feu individuelles); LANCEURS DE ROQUETTES OU DE TORPILLES; CANONS LANCE-HARPONS (caractéristiques ou détails de fonctionnement communs à la fois aux armes à feu individuelles et aux pièces d'artillerie, supports pour ces armes;lancement de projectiles sans utilisation d'une charge propulsive explosive ou combustible)
F41G	APPAREILS DE VISÉE; POINTAGE (aspects optiques)
F41H	BLINDAGE; TOURELLES CUIRASSÉES; VÉHICULES BLINDÉS OU ARMÉS; MOYENS D'ATTAQUE OU DE DÉFENSE, p.ex. CAMOUFLAGE, EN GÉNÉRAL
F41J	CIBLES; CHAMPS DE TIR; COLLECTEURS DE BALLES
F42B	CHARGES EXPLOSIVES, p.ex. POUR LE SAUTAGE; FEUX D'ARTIFICES; MUNITIONS (compositions explosives;fusées pour munitions;sautage)
F42C	FUSÉES POUR MUNITIONS (amorces-détonateurs pour cartouches de sautage;aspects chimiques); LEURS DISPOSITIFS D'ARMEMENT OU DE SÉCURITÉ (remplissage des fusées;montage ou extraction des amorces des fusées;conteneurs pour fusées)
F42D	SAUTAGE (cordeaux ou mèches;cartouches de sautage)
F99Z	MATIÈRE NON PRÉVUE AILLEURS DANS LA PRÉSENTE SECTION
G01B	MESURE DE LA LONGUEUR, DE L'ÉPAISSEUR OU DE DIMENSIONS LINÉAIRES ANALOGUES; MESURE DES ANGLES; MESURE DES SUPERFICIES; MESURE DES IRRÉGULARITÉS DES SURFACES OU CONTOURS
G01C	MESURE DES DISTANCES, DES NIVEAUX OU DES RELÈVEMENTS; GÉODÉSIE; NAVIGATION; INSTRUMENTS GYROSCOPIQUES; PHOTOGRAMMÉTRIE OU VIDÉOGRAMMÉTRIE (mesure du niveau des liquides; radio navigation, détermination de la distance ou de la vitesse en utilisant des ondes radio et basée sur des effets de propagation, p.ex. l'effet Doppler, le temps de propagation, ou dispositions analogues utilisant d'autres ondes)
G01D	MESURE NON SPÉCIALEMENT ADAPTÉE À UNE VARIABLE PARTICULIÈRE; DISPOSITIONS NON COUVERTES PAR UNE SEULE DES AUTRES SOUS-CLASSES POUR MESURER PLUSIEURS VARIABLES; APPAREILS COMPTEURS À TARIFS; DISPOSITIONS POUR LE TRANSFERT OU LA TRANSDUCTION DE MESURE NON SPÉCIALEMENT ADAPTÉES À UNE VARIABLE PARTICULIÈRE; MESURES OU TESTS NON PRÉVUS AILLEURS
G01F	MESURE DES VOLUMES, DES DÉBITS VOLUMÉTRIQUES, DES DÉBITS MASSIQUES OU DU NIVEAU DES LIQUIDES; COMPTAGE VOLUMÉTRIQUE
G01G	PESÉE
G01H	MESURE DES VIBRATIONS MÉCANIQUES OU DES ONDES ULTRASONORES, SONORES OU INFRASONORES
G01J	MESURE DE L'INTENSITÉ, DE LA VITESSE, DU SPECTRE, DE LA POLARISATION, DE LA PHASE OU DES CARACTÉRISTIQUES D'IMPULSIONS DE LUMIÈRE INFRAROUGE, VISIBLE OU ULTRAVIOLETTE; COLORIMÉTRIE; PYROMÉTRIE DES RADIATIONS
G01K	MESURE DES TEMPÉRATURES; MESURE DES QUANTITÉS DE CHALEUR; ÉLÉMENTS THERMOSENSIBLES NON PRÉVUS AILLEURS (pyrométrie des radiations)
G01L	MESURE DES FORCES, DES CONTRAINTES, DES COUPLES, DU TRAVAIL, DE LA PUISSANCE MÉCANIQUE, DU RENDEMENT MÉCANIQUE OU DE LA PRESSION DES FLUIDES (pesée)
G01M	TEST D'ÉQUILIBRAGE STATIQUE OU DYNAMIQUE DES MACHINES OU DES STRUCTURES OU DES OUVRAGES; TEST DES STRUCTURES, DES OUVRAGES OU DES APPAREILS, NON PRÉVU AILLEURS
G01N	RECHERCHE OU ANALYSE DES MATÉRIAUX PAR DÉTERMINATION DE LEURS PROPRIÉTÉS CHIMIQUES OU PHYSIQUES (procédés de mesure ou de test autres que les tests immunologiques, faisant intervenir des enzymes ou des micro-organismes)
G01P	MESURE DES VITESSES LINÉAIRES OU ANGULAIRES, DE L’ACCÉLÉRATION, DE LA DÉCÉLÉRATION OU DES CHOCS; INDICATION DE LA PRÉSENCE OU DE L’ABSENCE D’UN MOUVEMENT; INDICATION DE LA DIRECTION D’UN MOUVEMENT (mesure de la vitesse angulaire en utilisant les effets gyroscopiques;dispositifs de mesure combinés pour mesurer plusieurs variables d’un mouvement;mesure de la vitesse du son;mesure de la vitesse de la lumière;détermination de la direction ou de la vitesse d’objets solides en utilisant la réflexion ou la reradiation d’ondes radio ou d’autres ondes et basée sur des effets de propagation, p.ex. l’effet Doppler, le temps de propagation ou la direction de la propagation,;mesure de la vitesse des radiations nucléaires)
G01Q	TECHNIQUES OU APPAREILS À SONDE À BALAYAGE; APPLICATIONS DES TECHNIQUES DE SONDE À BALAYAGE, p.ex. MICROSCOPIE À SONDE À BALAYAGE [SPM]
G01R	MESURE DES VARIABLES ÉLECTRIQUES; MESURE DES VARIABLES MAGNÉTIQUES (indication de l'accord correct des circuits résonnants)
G01S	DÉTERMINATION DE LA DIRECTION PAR RADIO; RADIO-NAVIGATION; DÉTERMINATION DE LA DISTANCE OU DE LA VITESSE EN UTILISANT DES ONDES RADIO; LOCALISATION OU DÉTECTION DE LA PRÉSENCE EN UTILISANT LA RÉFLEXION OU LA RERADIATION D'ONDES RADIO; DISPOSITIONS ANALOGUES UTILISANT D'AUTRES ONDES
G01T	MESURE DES RADIATIONS NUCLÉAIRES OU DES RAYONS X (analyse des matériaux par radiations, spectrométrie de masse;tubes pour déterminer la présence, l'intensité, la densité ou l'énergie d'une radiation ou de particules)
G01V	GÉOPHYSIQUE; MESURE DE LA GRAVITATION; DÉTECTION DES MASSES OU OBJETS; MARQUES D'IDENTIFICATION (moyens pour indiquer où se trouvent des personnes ensevelies accidentellement, p.ex. par la neige,)
G01W	MÉTÉOROLOGIE (radar, sonar, lidar ou systèmes analogues, prévus pour un usage météorologique)
G02B	ÉLÉMENTS, SYSTÈMES OU APPAREILS OPTIQUES
G02C	LUNETTES; LUNETTES DE SOLEIL OU LUNETTES PROTECTRICES DANS LA MESURE OÙ LEURS CARACTÉRISTIQUES SONT LES MÊMES QUE CELLES DES LUNETTES; LENTILLES DE CONTACT
G02F	DISPOSITIFS OU DISPOSITIONS OPTIQUES POUR LA COMMANDE DE LA LUMIÈRE PAR MODIFICATION DES PROPRIÉTÉS OPTIQUES DES MILIEUX DES ÉLÉMENTS IMPLIQUÉS DANS CEUX-CI; OPTIQUE NON LINÉAIRE; CHANGEMENT DE FRÉQUENCE DE LA LUMIÈRE; ÉLÉMENTS OPTIQUES LOGIQUES; CONVERTISSEURS OPTIQUES ANALOGIQUES/NUMÉRIQUES
G03B	APPAREILS OU DISPOSITIONS POUR PRENDRE DES PHOTOGRAPHIES, POUR LES PROJETER OU LES VISIONNER; APPAREILS OU DISPOSITIONS UTILISANT DES TECHNIQUES ANALOGUES UTILISANT D'AUTRES ONDES QUE DES ONDES OPTIQUES; LEURS ACCESSOIRES (parties optiques de tels appareils;matériaux photosensibles pour la photographie ou procédés photographiques;appareillage pour le traitement des matériaux photosensibles après exposition)
G03C	MATÉRIAUX PHOTOSENSIBLES POUR LA PHOTOGRAPHIE; PROCÉDÉS PHOTOGRAPHIQUES, p.ex. PROCÉDÉS CINÉMATOGRAPHIQUES, AUX RAYONS X, EN COULEURS OU STÉRÉOPHOTOGRAPHIQUES; PROCÉDÉS AUXILIAIRES EN PHOTOGRAPHIE (procédés photographiques caractérisés par l'usage ou la manipulation d'appareils qui peuvent être classés en soi en voir)
G03D	APPAREILLAGE POUR LE TRAITEMENT DES MATÉRIAUX PHOTOSENSIBLES APRÈS EXPOSITION; SES ACCESSOIRES
G03F	PRODUCTION PAR VOIE PHOTOMÉCANIQUE DE SURFACES TEXTURÉES, p.ex. POUR L'IMPRESSION, POUR LE TRAITEMENT DE DISPOSITIFS SEMI-CONDUCTEURS; MATÉRIAUX À CET EFFET; ORIGINAUX À CET EFFET; APPAREILLAGES SPÉCIALEMENT ADAPTÉS À CET EFFET (appareils de composition phototypographique;matériaux photosensibles ou procédés pour la photographie;électrophotographie, couches sensibles ou procédés à cet effet)
G03G	ÉLECTROGRAPHIE; ÉLECTROPHOTOGRAPHIE; MAGNÉTOGRAPHIE (enregistrement de l'information basé sur un mouvement relatif entre le support d'enregistrement et le transducteur;mémoires statiques avec moyens pour écrire ou lire des informations;enregistrement de signaux de télévision)
G03H	PROCÉDÉS OU APPAREILS HOLOGRAPHIQUES (hologrammes, p.ex. hologrammes de points, utilisés comme éléments optiques ordinaires; calculateurs analogiques effectuant des opérations mathématiques à l'aide d'éléments optiques;mémoires holographiques)
G04B	HORLOGES OU MONTRES ENTRAÎNÉES MÉCANIQUEMENT; PIÈCES MÉCANIQUES D'HORLOGES OU DE MONTRES EN GÉNÉRAL; APPAREILS À ÉVALUER LE TEMPS AU MOYEN DE LA POSITION DU SOLEIL, DE LA LUNE OU DES ÉTOILES (mécanismes à ressort ou actionnés par des poids en général;horloges ou montres électromécaniques;horloges électromécaniques avec des moyens annexes ou incorporés permettant de faire fonctionner un dispositif quelconque à des moments choisis à l'avance ou après des intervalles de temps prédéterminés;horloges ou montres avec dispositifs d'arrêt;détails de structure ou boîtiers spécialement adaptés pour des garde-temps électroniques sans parties mobiles)
G04C	HORLOGES OU MONTRES ÉLECTROMÉCANIQUES (pièces mécaniques d'horloges ou de montres en général;garde-temps électroniques sans parties mobiles, circuits électroniques pour produire des impulsions de cadence)
G04D	MACHINES OU OUTILLAGES CONÇUS SPÉCIALEMENT POUR LA FABRICATION OU L'ENTRETIEN DES MONTRES OU HORLOGES
G04F	MESURE DES INTERVALLES DE TEMPS (mesure des caractéristiques des impulsions p.ex.;dans les radars ou systèmes similaires;masers;production des oscillations;production ou comptage d'impulsions, division de fréquence;conversion analogique/numérique en général)
G04G	GARDE-TEMPS ÉLECTRONIQUES
G04R	PIÈCES D'HORLOGERIE RADIO-CONTRÔLÉES
G05B	SYSTÈMES DE COMMANDE OU DE RÉGULATION EN GÉNÉRAL; ÉLÉMENTS FONCTIONNELS DE TELS SYSTÈMES; DISPOSITIFS DE CONTRÔLE OU DE TEST DE TELS SYSTÈMES OU ÉLÉMENTS (dispositifs de manœuvre par pression de fluide ou systèmes fonctionnant au moyen de fluides en général;dispositifs obturateurs en soi;caractérisés par des particularités mécaniques seulement;éléments sensibles, voir les sous-classes appropriées, p.ex. les sous-classes de;éléments de correction, voir les sous-classes appropriées, p.ex.)
G05D	SYSTÈMES DE COMMANDE OU DE RÉGULATION DES VARIABLES NON ÉLECTRIQUES (pour la coulée continue des métaux;dispositifs obturateurs en soi;évaluation de variables non électriques, voir les sous-classes appropriées de;pour la régulation des variables électriques ou magnétiques)
G05F	SYSTÈMES DE RÉGULATION DES VARIABLES ÉLECTRIQUES OU MAGNÉTIQUES (régulation de la répartition dans le temps ou de la périodicité des impulsions dans les systèmes radar ou de radio-navigation;régulation du courant ou de la tension, spécialement adaptée à l'utilisation dans des garde-temps électroniques;systèmes fonctionnant en boucle fermée pour réguler les variables non électriques par des moyens électriques;régulation de l'alimentation en énergie électrique des calculateurs numériques;pour obtenir les caractéristiques de fonctionnement souhaitées d'électro-aimants à armatures;régulation des réseaux de distribution d'énergie électrique;régulation de la charge des batteries;régulation de la valeur de sortie des convertisseurs statiques, p.ex. régulateurs à commutation,;régulation de la valeur de sortie des générateurs électriques;commande des transformateurs, réactances ou bobines d'arrêt;régulation de la réponse en fréquence, du gain, de la puissance de sortie maximale, de l'amplitude ou de la largeur de bande des amplificateurs;régulation de l'accord des circuits résonants;commande des générateurs d'oscillations ou d'impulsions électroniques;régulation des caractéristiques des lignes de transmission;commande des sources lumineuses électriques;commande électrique des appareils à rayons X)
G05G	DISPOSITIFS OU SYSTÈMES DE COMMANDE DANS LA MESURE OÙ ILS SONT CARACTÉRISÉS PAR DES PARTICULARITÉS MÉCANIQUES UNIQUEMENT (mécanismes "Bowden" ou similaires;engrenages ou mécanismes non spécialisés à cet usage;mécanismes de changement de vitesse ou d'inversion pour des transmissions transmettant des mouvements rotatifs-)
G06C	CALCULATEURS NUMÉRIQUES DANS LESQUELS TOUT LE CALCUL EST EFFECTUÉ MÉCANIQUEMENT (marqueurs totalisateurs pour jeux de cartes;construction de touches, mécanismes d'impression ou autres pièces d'application générale à la technique de la machine à écrire ou de l'impression;touches ou mécanismes d'impression pour applications spéciales, voir les sous-classes correspondantes, p.ex.;caisses-enregistreuses)
G06D	DISPOSITIFS DE CALCUL NUMÉRIQUE À PRESSION DE FLUIDE
G06E	DISPOSITIFS DE CALCUL OPTIQUE (mémoires numériques utilisant des éléments optiques)
G06F	TRAITEMENT ÉLECTRIQUE DE DONNÉES NUMÉRIQUES (systèmes de calculateurs basés sur des modèles de calcul spécifiques)
G06G	CALCULATEURS ANALOGIQUES (dispositifs de calcul optique analogique;systèmes de calculateurs basés sur des modèles de calcul spécifiques)
G06J	DISPOSITIONS DE CALCUL HYBRIDE (dispositifs de calcul optique hybride;systèmes de calculateurs basés sur des modèles de calcul spécifiques;réseaux neuronaux pour le traitement de données d'image;conversion analogique/numérique en général)
G06K	LECTURE DE DONNÉES GRAPHIQUES (reconnaissance ou compréhension d’images ou de vidéos); PRÉSENTATION DES DONNÉES; SUPPORTS D’ENREGISTREMENT; MANIPULATION DES SUPPORTS D’ENREGISTREMENT
G06M	MÉCANISMES COMPTEURS; COMPTAGE D'OBJETS NON PRÉVU AILLEURS (comptage par mesure du volume ou du poids des articles à compter;adaptation des compteurs aux compteurs d'électricité au sein de dispositions électromécaniques pour la mesure de l'intégrale dans le temps d'une puissance ou d'un courant électriques;calculateurs-;comptage des impulsions électriques;comptage des caractères, des mots ou des messages lors de la commutation de réseaux pour la transmission d'information numérique;dispositions de comptage dans les systèmes téléphoniques)
G06N	AGENCEMENTS INFORMATIQUES FONDÉS SUR DES MODÈLES DE CALCUL SPÉCIFIQUES
G06Q	SYSTÈMES OU MÉTHODES DE TRAITEMENT DE DONNÉES, SPÉCIALEMENT ADAPTÉS À DES FINS ADMINISTRATIVES, COMMERCIALES, FINANCIÈRES, DE GESTION, DE SURVEILLANCE OU DE PRÉVISION; SYSTÈMES OU MÉTHODES SPÉCIALEMENT ADAPTÉS À DES FINS ADMINISTRATIVES, COMMERCIALES, FINANCIÈRES, DE GESTION, DE SURVEILLANCE OU DE PRÉVISION, NON PRÉVUS AILLEURS
G06T	TRAITEMENT OU GÉNÉRATION DE DONNÉES D'IMAGE, EN GÉNÉRAL
G06V	RECONNAISSANCE OU COMPRÉHENSION D’IMAGES OU DE VIDÉOS
G07B	APPAREILS À DÉBITER DES TICKETS; APPAREILS À ENREGISTRER LES PRIX DES BILLETS;  DISPOSITIONS OU APPAREILS POUR ENCAISSER LE PRIX DES BILLETS OU LES DROITS D’ENTRÉE OU DE PÉAGE EN UN OU PLUSIEURS POINTS DE CONTRÔLE; APPAREILS À AFFRANCHIR
G07C	APPAREILS DE CONTRÔLE DES HORAIRES OU DES PRÉSENCES; ENREGISTREMENT OU INDICATION DU FONCTIONNEMENT DES MACHINES; PRODUCTION DE NOMBRES AU HASARD; APPAREILS À VOTER OU APPAREILS DE LOTERIE; DISPOSITIONS, SYSTÈMES OU APPAREILS POUR CONTRÔLES NON PRÉVUS AILLEURS
G07D	MANIPULATION DE PIÈCES DE MONNAIE OU DE PAPIERS DE VALEUR, p.ex. VÉRIFICATION, TRI PAR VALEURS, COMPTAGE, DISTRIBUTION, CHANGE OU DÉPÔT
G07F	APPAREILS DÉCLENCHÉS PAR DES PIÈCES DE MONNAIE OU APPAREILS SIMILAIRES (tri des pièces de monnaie;vérification des pièces de monnaie)
G07G	ENREGISTREMENT DES RECETTES EN ESPÈCES, VALEURS OU JETONS (calcul numérique en général)
G08B	SYSTÈMES DE SIGNALISATION OU D'APPEL; TRANSMETTEURS D'ORDRES; SYSTÈMES D'ALARME
G08C	SYSTÈMES DE TRANSMISSION POUR VALEURS MESURÉES, SIGNAUX DE COMMANDE OU SIMILAIRES (systèmes de transmission à pression de fluide; moyens mécaniques pour convertir la sortie d'un organe sensible en une autre variable;systèmes de commande mécanique)
G08G	SYSTÈMES DE COMMANDE DU TRAFIC (contrôle du trafic ferroviaire, sécurité du trafic ferroviaire; radar ou systèmes analogues, systèmes sonar ou systèmes lidar spécialement adaptés pour la commande du trafic;radar ou systèmes analogues, systèmes sonar ou systèmes lidar spécialement adaptés pour prévenir les collisions;commande de la position, du cap, de l'altitude ou de l'attitude des véhicules terrestres, aquatiques, aériens ou spatiaux, non spécifique à un contexte de commande du trafic)
G09B	MATÉRIEL ÉDUCATIF OU DE DÉMONSTRATION; MOYENS D'ENSEIGNEMENT OU DE COMMUNICATION DESTINÉS AUX AVEUGLES, SOURDS OU MUETS; MODÈLES; PLANÉTAIRES; GLOBES; CARTES GÉOGRAPHIQUES; DIAGRAMMES
G09C	APPAREILS À CHIFFRER OU À DÉCHIFFRER POUR LA CRYPTOGRAPHIE OU D'AUTRES FINS IMPLIQUANT LA NÉCESSITÉ DU SECRET
G09D	INDICATEURS HORAIRES OU DE TARIFS POUR CHEMIN DE FER OU AUTRES; CALENDRIERS PERPÉTUELS
G09F	PRÉSENTATION; PUBLICITÉ; ENSEIGNES; ÉTIQUETTES OU PLAQUES D'IDENTIFICATION; SCEAUX
G09G	DISPOSITIONS OU CIRCUITS POUR LA COMMANDE DE L'AFFICHAGE UTILISANT DES MOYENS STATIQUES POUR PRÉSENTER UNE INFORMATION VARIABLE (dispositions de transfert des données entre les calculateurs numériques et les dispositions d'affichage;dispositions d'affichage statique réalisées par l'association dissociable de plusieurs sources individuelles ou de plusieurs cellules individuelles commandant la lumière;dispositions d'affichage statique réalisées par l'association constructive indissociable de plusieurs sources lumineuses;balayage, transmission ou reproduction de documents ou similaires, p.ex. transmission de fac-similés, leurs détails)
G10B	ORGUES, HARMONIUMS OU INSTRUMENTS DE MUSIQUE À SOUFFLERIE SIMILAIRES (accordéons, concertinas ou instruments similaires ou claviers pour ces instruments;instruments à vent automatiques)
G10C	PIANOS, CLAVECINS, ÉPINETTES OU INSTRUMENTS DE MUSIQUE À CORDES SIMILAIRES AVEC UN OU PLUSIEURS CLAVIERS (instruments de musique automatiques)
G10D	INSTRUMENTS DE MUSIQUE À CORDES; INSTRUMENTS DE MUSIQUE À VENT; ACCORDÉONS OU CONCERTINAS; INSTRUMENTS DE MUSIQUE À PERCUSSION; HARPES ÉOLIENNES;  PYROPHONES; INSTRUMENTS DE MUSIQUE NON PRÉVUS AILLEURS (orgues, harmoniums ou instruments de musique à soufflerie similaires;pianos, clavecins, épinettes ou instruments de musique à cordes similaires avec un ou plusieurs claviers;instruments de musique automatiques;instruments de musique électrophoniques dans lesquels des sons sont générés par des moyens électromécaniques)
G10F	INSTRUMENTS DE MUSIQUE AUTOMATIQUES (aspects non musicaux des jouets musicaux;dispositifs pour faire fonctionner les appareils d'enregistrement ou de reproduction en liaison avec des instruments de musique automatiques)
G10G	REPRÉSENTATION DE LA MUSIQUE; ENREGISTREMENT DE LA MUSIQUE SOUS FORME DE NOTATION; ACCESSOIRES POUR LA MUSIQUE OU LES INSTRUMENTS DE MUSIQUE NON PRÉVUS AILLEURS, p.ex. SUPPORTS (pupitres à musique;aspects non musicaux des jouets musicaux;métronomes;enseignement de la musique)
G10H	INSTRUMENTS DE MUSIQUE ÉLECTROPHONIQUES; INSTRUMENTS DANS LESQUELS LES SONS SONT PRODUITS PAR DES MOYENS ÉLECTROMÉCANIQUES OU DES GÉNÉRATEURS ÉLECTRONIQUES, OU DANS LESQUELS LES SONS SONT SYNTHÉTISÉS À PARTIR D'UNE MÉMOIRE DE DONNÉES
G10K	DISPOSITIFS GÉNÉRATEURS DE SONS (jouets musicaux ou sonores); PROCÉDÉS OU DISPOSITIFS DE PROTECTION CONTRE LE BRUIT OU LES AUTRES ONDES ACOUSTIQUES OU POUR AMORTIR CEUX-CI, EN GÉNÉRAL; ACOUSTIQUE NON PRÉVUE AILLEURS
G10L	ANALYSE OU SYNTHÈSE DE LA PAROLE; RECONNAISSANCE DE LA PAROLE; TRAITEMENT DE LA PAROLE OU DE LA VOIX; CODAGE OU DÉCODAGE DE LA PAROLE OU DE SIGNAUX AUDIO
G11B	ENREGISTREMENT DE L'INFORMATION BASÉ SUR UN MOUVEMENT RELATIF ENTRE LE SUPPORT D'ENREGISTREMENT ET LE TRANSDUCTEUR (enregistrement de valeurs mesurées selon un procédé qui ne nécessite pas l'usage d'un transducteur pour la reproduction;appareils d'enregistrement ou de reproduction utilisant une bande marquée par un procédé mécanique, p.ex. une bande de papier perforée, ou utilisant des supports d'enregistrement individuels, p.ex. des cartes perforées ou des cartes magnétiques;transfert de données d'un type de support d'enregistrement à un autre;circuits pour le couplage de la sortie d'un dispositif de reproduction à un récepteur radio; têtes de lecture pour tourne-disques ou transducteurs acoustiques électromécaniques analogues ou leurs circuits)
G11C	MÉMOIRES STATIQUES (dispositifs semi-conducteurs pour mémoires p.ex.-)
G12B	DÉTAILS OU PARTIES CONSTITUTIVES D'INSTRUMENTS OU DÉTAILS OU PARTIES CONSTITUTIVES COMPARABLES D'AUTRES APPAREILS, NON PRÉVUS AILLEURS
G16B	BIO-INFORMATIQUE, c. à d. TECHNOLOGIES DE L’INFORMATION ET DE LA COMMUNICATION [TIC] SPÉCIALEMENT ADAPTÉES AU TRAITEMENT DES DONNÉES GÉNÉTIQUES OU PROTÉIQUES DANS LA BIOLOGIE MOLÉCULAIRE INFORMATIQUE
G16C	CHIMIE COMPUTATIONNELLE; CHÉMO-INFORMATIQUE; SCIENCE INFORMATIQUE DES MATÉRIAUX
G16H	INFORMATIQUE MÉDICALE, c. à d. TECHNOLOGIES DE L’INFORMATION ET DE LA COMMUNICATION [TIC] SPÉCIALEMENT ADAPTÉES AU MANIEMENT OU AU TRAITEMENT DE DONNÉES MÉDICALES OU DE SOINS DE SANTÉ
G16Y	TECHNOLOGIES DE L’INFORMATION ET DE LA COMMUNICATION SPÉCIALEMENT ADAPTÉES À L’INTERNET DES OBJETS [IdO]
G16Z	TECHNOLOGIES DE L’INFORMATION ET DE LA COMMUNICATION [TIC] SPÉCIALEMENT ADAPTÉES À DES DOMAINES D’APPLICATION SPÉCIFIQUES, NON PRÉVUES AILLEURS
G21B	RÉACTEURS DE FUSION (fusion non contrôlée, applications y relatives )
G21C	RÉACTEURS NUCLÉAIRES (réacteurs de fusion, réacteurs hybrides fission-fusion;explosifs nucléaires)
G21D	ENSEMBLES DE PRODUCTION D'ÉNERGIE NUCLÉAIRE
G21F	PROTECTION CONTRE LES RAYONS X, LES RAYONS GAMMA, LES RADIATIONS CORPUSCULAIRES OU LE BOMBARDEMENT PAR DES PARTICULES; TRAITEMENT DES MATÉRIAUX CONTAMINÉS PAR LA RADIOACTIVITÉ; DISPOSITIONS POUR LA DÉCONTAMINATION (protection contre les radiations par des moyens pharmaceutiques;dans les véhicules spatiaux;associée avec un réacteur;associée avec des tubes à rayons X;associée à un appareil à rayons X)
G21G	CONVERSION D'ÉLÉMENTS CHIMIQUES; SOURCES RADIOACTIVES
G21H	OBTENTION DE L'ÉNERGIE À PARTIR DE SOURCES RADIOACTIVES; APPLICATIONS DU RAYONNEMENT DES SOURCES RADIOACTIVES, NON PRÉVUES AILLEURS; UTILISATION DES RAYONS COSMIQUES (mesure des radiations nucléaires ou des rayons X;réacteurs de fusion;réacteurs nucléaires;lampes à atmosphère gazeuse portée à la luminescence par une radiation corpusculaire extérieure ou par une substance radioactive associée structuralement à la lampe)
G21J	EXPLOSIFS NUCLÉAIRES; LEURS APPLICATIONS
G21K	TECHNIQUES NON PRÉVUES AILLEURS POUR MANIPULER DES PARTICULES OU DES RAYONNEMENTS IONISANTS; DISPOSITIFS D'IRRADIATION; MICROSCOPES À RAYONS GAMMA OU À RAYONS X
G99Z	MATIÈRE NON PRÉVUE AILLEURS DANS LA PRÉSENTE SECTION
H01B	CÂBLES; CONDUCTEURS; ISOLATEURS; EMPLOI DE MATÉRIAUX SPÉCIFIÉS POUR LEURS PROPRIÉTÉS CONDUCTRICES, ISOLANTES OU DIÉLECTRIQUES (emploi pour les propriétés magnétiques;guides d'ondes)
H01C	RÉSISTANCES
H01F	AIMANTS; INDUCTANCES; TRANSFORMATEURS; EMPLOI DE MATÉRIAUX SPÉCIFIÉS POUR LEURS PROPRIÉTÉS MAGNÉTIQUES
H01G	CONDENSATEURS; CONDENSATEURS, REDRESSEURS, DÉTECTEURS, DISPOSITIFS DE COMMUTATION, DISPOSITIFS PHOTOSENSIBLES OU SENSIBLES À LA TEMPÉRATURE, DU TYPE ÉLECTROLYTIQUE (emploi de matériaux spécifiés pour leurs propriétés diélectriques;condensateurs avec une barrière de potentiel ou une barrière de surface)
H01H	INTERRUPTEURS ÉLECTRIQUES; RELAIS; SÉLECTEURS;  DISPOSITIFS DE PROTECTION (câbles à contact;dispositifs auto-interrupteurs du type électrolytique;circuits de protection, de sécurité;commutation par des moyens électroniques sans fermeture de contacts)
H01J	TUBES À DÉCHARGE ÉLECTRIQUE OU LAMPES À DÉCHARGE ÉLECTRIQUE (éclateurs;lampes à arc, à électrodes consommables;accélérateurs de particules)
H01K	LAMPES ÉLECTRIQUES À INCANDESCENCE (détails, appareils ou procédés pour la fabrication, applicables à la fois aux dispositifs à décharge et aux lampes à incandescence;sources lumineuses utilisant une combinaison du type à incandescence et d'autres types de production de lumière)
H01L	DISPOSITIFS À SEMI-CONDUCTEURS; DISPOSITIFS ÉLECTRIQUES À L'ÉTAT SOLIDE NON PRÉVUS AILLEURS (emploi de dispositifs à semi-conducteurs pour les mesures;résistances en général;aimants, inductances, transformateurs;condensateurs en général;dispositifs électrolytiques;piles, accumulateurs;guides d'ondes, résonateurs ou lignes du type guide d'ondes;connecteurs de lignes, collecteurs de courant;dispositifs d'émission stimulée;résonateurs électromécaniques;haut-parleurs, microphones, têtes de lecture pour tourne-disques ou transducteurs acoustiques électromécaniques analogues;sources lumineuses électriques en général;circuits imprimés, circuits hybrides, enveloppes ou détails de construction d'appareils électriques, fabrication d'ensembles de composants électriques;emploi de dispositifs à semi-conducteurs dans des circuits ayant une application particulière, voir la sous-classe relative à l'application)
H01M	PROCÉDÉS OU MOYENS POUR LA CONVERSION DIRECTE DE L'ÉNERGIE CHIMIQUE EN ÉNERGIE ÉLECTRIQUE, p.ex. BATTERIES
H01P	GUIDES D'ONDES; RÉSONATEURS, LIGNES OU AUTRES DISPOSITIFS DU TYPE GUIDE D'ONDES (fonctionnant à des fréquences optiques)
H01Q	ANTENNES, c. à d. ANTENNES RADIO (éléments rayonnants ou antennes pour le chauffage par micro-ondes)
H01R	CONNEXIONS CONDUCTRICES DE L'ÉLECTRICITÉ; ASSOCIATION STRUCTURELLE DE PLUSIEURS ÉLÉMENTS DE CONNEXION ÉLECTRIQUE ISOLÉS LES UNS DES AUTRES; DISPOSITIFS DE COUPLAGE; COLLECTEURS DE COURANT
H01S	DISPOSITIFS UTILISANT LE PROCÉDÉ D'AMPLIFICATION DE LA LUMIÈRE PAR ÉMISSION STIMULÉE DE RAYONNEMENT [LASER] POUR AMPLIFIER OU GÉNÉRER DE LA LUMIÈRE; DISPOSITIFS UTILISANT L’ÉMISSION STIMULÉE DE RAYONNEMENT ÉLECTROMAGNÉTIQUE DANS DES GAMMES D’ONDES AUTRES QU'OPTIQUES
H01T	ÉCLATEURS; LIMITEURS DE SURTENSION UTILISANT DES ÉCLATEURS; BOUGIES D'ALLUMAGE; DISPOSITIFS À EFFET CORONA; PRODUCTION D'IONS À INTRODUIRE DANS DES GAZ À L'ÉTAT LIBRE (circuits de protection contre les surtensions)
H02B	TABLEAUX, POSTES DE TRANSFORMATION OU DISPOSITIONS DE COMMUTATION POUR L'ALIMENTATION OU LA DISTRIBUTION D'ÉNERGIE ÉLECTRIQUE (éléments électriques fondamentaux, leur assemblage, y compris le montage dans des enveloppes ou sur des supports, ou le montage de couvercles ou de capots sur ces éléments, voir les sous-classes relatives à ces éléments, p.ex. transformateurs interrupteurs, coupe-circuits connecteurs de lignes;installation de câbles ou de lignes électriques, ou de lignes ou de câbles électriques et optiques combinés, ou autres conducteurs pour l'alimentation ou la distribution)
H02G	INSTALLATION DE CÂBLES OU DE LIGNES ÉLECTRIQUES, OU DE LIGNES OU DE CÂBLES ÉLECTRIQUES ET OPTIQUES COMBINÉS (conducteurs ou câbles isolés avec des dispositions pour faciliter le montage ou la fixation;points de distribution comportant des interrupteurs;guidage de cordon de téléphone;canalisations pour câbles ou installations de câbles dans les centraux téléphoniques ou télégraphiques)
H02H	CIRCUITS DE PROTECTION DE SÉCURITÉ (indication ou signalisation de conditions de travail indésirables p.ex.;localisation des défauts le long des lignes;dispositifs de protection)
H02J	CIRCUITS OU SYSTÈMES POUR L'ALIMENTATION OU LA DISTRIBUTION D'ÉNERGIE ÉLECTRIQUE; SYSTÈMES POUR L'ACCUMULATION D'ÉNERGIE ÉLECTRIQUE
H02K	MACHINES DYNAMO-ÉLECTRIQUES (relais dynamo-électriques;transformation d'une puissance d'entrée en courant continu ou alternatif en une puissance de sortie de choc)
H02M	APPAREILS POUR LA TRANSFORMATION DE COURANT ALTERNATIF EN COURANT ALTERNATIF, DE COURANT ALTERNATIF EN COURANT CONTINU OU VICE VERSA OU DE COURANT CONTINU EN COURANT CONTINU ET EMPLOYÉS AVEC LES RÉSEAUX DE DISTRIBUTION D'ÉNERGIE OU DES SYSTÈMES D'ALIMENTATION SIMILAIRES; TRANSFORMATION D'UNE PUISSANCE D'ENTRÉE EN COURANT CONTINU OU COURANT ALTERNATIF EN UNE PUISSANCE DE SORTIE DE CHOC; LEUR COMMANDE OU RÉGULATION (transformateurs;convertisseurs dynamo-électriques;commande des transformateurs, réactances ou bobines d'arrêt, commande ou régulation de moteurs, générateurs électriques ou convertisseurs dynamo-électriques)
H02N	MACHINES ÉLECTRIQUES NON PRÉVUES AILLEURS
H02P	COMMANDE OU RÉGULATION DES MOTEURS ÉLECTRIQUES, DES GÉNÉRATRICES ÉLECTRIQUES OU DES CONVERTISSEURS DYNAMO-ÉLECTRIQUES; COMMANDE DES TRANSFORMATEURS, RÉACTANCES OU BOBINES D'ARRÊT
H02S	PRODUCTION D’ÉNERGIE ÉLECTRIQUE PAR CONVERSION DE RAYONNEMENT INFRAROUGE, LUMIÈRE VISIBLE OU LUMIÈRE ULTRAVIOLETTE, p.ex. À L’AIDE DE MODULES PHOTOVOLTAÏQUES [PV] (obtention de l’énergie électrique à partir de sources radioactives;dispositifs à semi-conducteurs inorganiques sensibles à la lumière;dispositifs thermoélectriques;dispositifs pyroélectriques;dispositifs à semi-conducteurs organiques sensibles à la lumière)
H03B	PRODUCTION D'OSCILLATIONS, DIRECTEMENT OU PAR CHANGEMENT DE FRÉQUENCE, À L'AIDE DE CIRCUITS UTILISANT DES ÉLÉMENTS ACTIFS QUI FONCTIONNENT D'UNE MANIÈRE NON COMMUTATIVE; PRODUCTION DE BRUIT PAR DE TELS CIRCUITS (générateurs spécialement adaptés aux instruments de musique électrophoniques;masers ou lasers;production d'oscillations dans les plasmas)
H03C	MODULATION (masers ou lasers;codage, décodage ou conversion de code)
H03D	DÉMODULATION OU TRANSFERT DE MODULATION D'UNE ONDE PORTEUSE À UNE AUTRE (masers, lasers;circuits capables de fonctionner en modulateur et en démodulateur p.ex. modulateurs compensés;détails applicables aux modulateurs et aux changeurs de fréquence;démodulation d'impulsions qui ont été modulées par un signal à variation continue;transformation de types de modulation d'impulsions;systèmes à relais;démodulateurs adaptés aux systèmes à porteuse modulée de façon numérique;démodulateurs synchrones adaptés à la télévision en couleurs)
H03F	AMPLIFICATEURS (mesures, tests;amplificateurs optiques paramétriques;circuits avec tubes à émission secondaire;masers, lasers;amplificateurs dynamo-électriques;réglage de l'amplification;dispositions pour le couplage indépendantes de la nature de l'amplificateur, diviseurs de tension;amplificateurs destinés uniquement au traitement d'impulsions;circuits de répéteurs dans les lignes de transmission;applications des amplificateurs de parole aux communications téléphoniques)
H03G	RÉGLAGE DE L'AMPLIFICATION (réseaux d'impédances, p.ex. atténuateurs,;réglage de la transmission sur les lignes)
H03H	RÉSEAUX D'IMPÉDANCES, p.ex. CIRCUITS RÉSONNANTS; RÉSONATEURS (mesures, tests;dispositions pour produire une réverbération sonore ou un écho;réseaux d'impédances ou résonateurs se composant d'impédances réparties, p.ex. du type guide d'ondes,;réglage de l'amplification, p.ex. réglage de largeur de bande des amplificateurs,;accord des circuits résonnants, p.ex. accord des circuits résonnants couplés,;réseaux pour modifier les caractéristiques de fréquence des systèmes de communication)
H03J	ACCORD DES CIRCUITS RÉSONNANTS; SÉLECTION DES CIRCUITS RÉSONNANTS (dispositifs indicateurs de mesure;mesures, tests;commande à distance en général;commande automatique ou stabilisation de générateurs)
H03K	TECHNIQUE DE L'IMPULSION (mesure des caractéristiques des impulsions;modulation d'oscillations sinusoïdales par des impulsions; transmission d'information numérique ;circuits de discriminateurs détectant la différence de phase entre deux signaux par comptage ou intégration des périodes d'oscillations;commande automatique, démarrage, synchronisation ou stabilisation des générateurs d'oscillations ou d'impulsions électroniques lorsque le type de générateur est indifférent ou non spécifié;codage, décodage ou conversion de code, en général)
H03L	COMMANDE AUTOMATIQUE, DÉMARRAGE, SYNCHRONISATION OU STABILISATION DES GÉNÉRATEURS D'OSCILLATIONS OU D'IMPULSIONS ÉLECTRONIQUES (des générateurs dynamoélectriques)
H03M	CODAGE, DÉCODAGE OU CONVERSION DE CODE, EN GÉNÉRAL (au moyen de fluides;convertisseurs optiques analogiques/numériques;codage, décodage ou conversion de code spécialement adapté à des applications particulières, voir les sous-classes appropriées, p.ex.;chiffrage ou déchiffrage pour la cryptographie ou d'autres fins impliquant la nécessité du secret)
H04B	TRANSMISSION
H04H	RADIODIFFUSION (communication multiplex;aspects des systèmes de radiodiffusion qui se rapportent à la transmission d'images)
H04J	COMMUNICATION MULTIPLEX (particulière à la transmission d'information numérique;systèmes pour la transmission simultanée ou séquentielle de plus d'un signal de télévision;dans les centraux)
H04K	COMMUNICATIONS SECRÈTES; BROUILLAGE DES COMMUNICATIONS
H04L	TRANSMISSION D'INFORMATION NUMÉRIQUE, p.ex. COMMUNICATION TÉLÉGRAPHIQUE (dispositions communes aux communications télégraphiques et téléphoniques)
H04M	COMMUNICATIONS TÉLÉPHONIQUES (circuits pour la commande d'autres appareils par un câble téléphonique et ne comprenant pas d'appareil de commutation téléphonique)
H04N	TRANSMISSION D'IMAGES, p.ex. TÉLÉVISION
H04Q	SÉLECTION (commutateurs, relais, sélecteurs;réseaux de télécommunications sans fil)
H04R	HAUT-PARLEURS, MICROPHONES, TÊTES DE LECTURE POUR TOURNE-DISQUES OU TRANSDUCTEURS ACOUSTIQUES ÉLECTROMÉCANIQUES ANALOGUES; APPAREILS POUR SOURDS; SYSTÈMES D'ANNONCE EN PUBLIC (production de sons dont la fréquence n'est pas déterminée par la fréquence d'alimentation)
H04S	SYSTÈMES STÉRÉOPHONIQUES
H04W	RÉSEAUX DE TÉLÉCOMMUNICATIONS SANS FIL (radiodiffusion;systèmes de télécommunication utilisant des liaisons sans fil pour une communication non sélective, p.ex. extensions sans fil)
H05B	CHAUFFAGE ÉLECTRIQUE; SOURCES LUMINEUSES ÉLECTRIQUES NON PRÉVUES AILLEURS;  CIRCUITS POUR SOURCES LUMINEUSES ÉLECTRIQUES, EN GÉNÉRAL
H05C	CIRCUITS OU APPAREILS ÉLECTRIQUES CONÇUS SPÉCIALEMENT POUR ÊTRE UTILISÉS DANS LES APPAREILLAGES POUR DONNER LA MORT, ÉTOURDIR, ENCLORE OU GUIDER LES ÊTRES VIVANTS (systèmes fixes pour capturer ou détruire les insectes par des procédés électriques;appareils pour la destruction des animaux nuisibles autres que les insectes par l'électricité;pièges électriques pour animaux;abattage par courant électrique)
H05F	ÉLECTRICITÉ STATIQUE; ÉLECTRICITÉ D'ORIGINE NATURELLE
H05G	TECHNIQUE DES RAYONS X (appareils pour diagnostic par radiations;radiothérapie;vérification [tests] à l'aide des rayons X;appareils de radiophotographie;filtres, écrans de conversion, microscopes;tubes à rayons X;systèmes de télévision ayant un signal d'entrée constitué par des rayons X)
H05H	TECHNIQUE DU PLASMA (tubes à faisceau ionique;générateurs magnétohydrodynamiques;production de rayons X utilisant la génération d'un plasma); PRODUCTION DE PARTICULES ÉLECTRIQUEMENT CHARGÉES ACCÉLÉRÉES OU DE NEUTRONS (obtention de neutrons à partir de sources radioactives p.ex.); PRODUCTION OU ACCÉLÉRATION DE FAISCEAUX MOLÉCULAIRES OU ATOMIQUES NEUTRES (horloges atomiques;dispositifs utilisant l'émission stimulée;régulation de fréquence par comparaison avec une fréquence de référence déterminée par les niveaux d'énergie de molécules, d'atomes ou de particules subatomiques)
H05K	CIRCUITS IMPRIMÉS; ENVELOPPES OU DÉTAILS DE RÉALISATION D'APPAREILS ÉLECTRIQUES; FABRICATION D'ENSEMBLES DE COMPOSANTS ÉLECTRIQUES
H99Z	MATIÈRE NON PRÉVUE AILLEURS DANS LA PRÉSENTE SECTION